387
51325.06571537807
2192.8236355807207
47666.45025328421
43654.934154974944
70846.88673716561
19569.086792223632
97280.49373426671
25078.805106291835
10358.802584750936
54292.234338247006
18677.81940779861
25995.171475108935
37440.98484502212
91650.30930832481
56249.97754797229
83520.05829894847
61628.767671582755
79261.85694757715
79090.80868983219
64029.72174049765
14985.286703901978
57537.54874268448
51616.485678073834
14322.73200673886
80195.86432517864
95400.3531337125
28077.44677813635
57678.57254348533
21183.660310648276
68262.05497382388
54815.68359390511
73523.63930084447
60422.97975835217
30522.224518362807
81554.92473955589
72978.21704125694
29942.749923283383
24052.53075702838
47611.96925243355
49030.90072043837
8007.291733075151
55882.47697861524
54730.98465777364
27172.24862463601
54456.57221905713
29834.564160535225
75887.67163165074
46303.976050926576
31016.94593040918
2889.0213807882146
4429.028606502261
83718.94890983129
1537.1491025768846
95321.11711511748
67965.9785961279
84119.97193607951
57286.169876059466
52451.99931919749
64707.8212439954
31242.578516235353
28620.008797478313
93532.0674392528
14265.940658828324
6464.24006706241
19523.050656014297
70064.64863209563
65453.62285121863
18345.15709204122
68478.89081382877
59960.60758168136
83121.25178621816
31158.765912616072
14122.493094441836
18483.129025116774
38845.432272345315
92221.4242989315
68694.41004056441
61254.09419049852
66519.35285645658
59349.18895957495
2371.824279229551
9916.683835868645
80411.64914757956
83200.76056329679
84653.33024329366
8818.047454837118
84292.81676992051
25526.757333606132
94858.42631078795
25533.22820645757
71888.7373925271
32126.172730605074
34705.90536864252
34526.88290123325
1904.6145507568224
87705.10251670965
90547.2421294069
83178.00308598096
47340.07481033937
33567.93153424359
44529.034575450234
12106.343217189986
98066.76705533128
84991.01155614728
9978.351911650207
96282.30053592553
23237.253457682993
77661.35842518808
74625.29540592134
19571.832274277545
17741.934100715705
42527.843831424536
63659.334369191034
70770.34302567993
31739.90728193399
59590.32362855121
75367.91973421189
58847.376530204965
37155.53881853479
99186.762544039
31309.8458999417
94958.06352597658
5697.164216729023
17550.110388467932
90062.0892008218
92133.23434213517
39208.5864488243
78566.17137262053
20763.34589271076
57439.71853268886
37308.61182948702
79196.9332250148
96984.87890089367
2270.676301087171
75022.37323722948
88187.36460559466
28528.726401635107
26761.8910802504
5706.904397634816
81723.30048859255
95470.43176907393
25461.693661197758
68760.72617807242
43464.55186414738
76797.10761840477
13317.83722199167
94747.49275291603
28410.263710018447
38233.89477890554
1266.0944135432062
20664.05070794869
15039.52168491698
53328.89169407445
88168.19005575556
15553.986698958899
26595.376588613362
55191.065883820935
57512.92345740826
53681.20245066635
7451.868798076267
71058.01867738865
40185.52601695228
1060.1290624478343
92405.6099385682
65330.69421398741
65655.7292662909
68461.75614010362
77692.42414939092
80606.56130567832
63102.70469036284
73967.45346813084
30226.257458316184
24483.490286560616
96197.07839144506
89743.0834058916
72618.03183088603
9661.259313793957
13804.76646047958
58433.59882971081
71246.00049174769
45573.9150643087
84402.03732568929
15817.374965654973
93638.48647225677
38422.21220465527
45242.20788797102
93264.6640769187
32535.2023433483
58880.24941259166
1277.0390086578432
40849.46094048412
87349.70927064648
98007.83740879498
27375.988250930506
63812.7825809315
57300.80108064082
58235.0551183716
57263.11699659919
57016.603989685165
61592.70807358429
2560.59597318542
78296.88342418637
44316.01513113314
47476.93430711463
66517.99199479468
38089.484613537716
23715.388118309922
99106.75696812617
59714.97379789656
15280.366035700521
48336.44316871187
2.1398524417737264
64681.09374075179
21347.35554288818
28889.7076602861
72570.08700909949
32401.78674593248
45524.37788936799
60297.111443237394
95891.50964344031
47657.03648497682
9958.152782450392
50734.32407238795
17116.6371560319
81946.8749012928
79076.21480491204
33857.34604782322
72519.49568052775
49522.74142728995
59016.511775519095
83083.75297878847
1647.421516894121
51920.322942810206
73583.39878574607
34762.76641464987
48179.40180659306
55302.530423938944
25834.64645174678
93396.09688580695
18324.09490635041
33146.95070652216
92782.18631305954
33997.000142299636
60151.7898683831
10004.670376052427
68713.31479201943
88409.87761472039
65976.92458083511
7971.302231654898
14960.86144156643
17744.60482613367
27936.391959178887
17468.57452295909
86051.84129854564
66509.650880976
7650.806007380329
24635.725172493494
34883.7819439378
36908.209673843594
9916.12160650064
97231.96450561636
33763.82514185228
23666.748081036694
22315.823030225878
88422.21611169331
90634.16428136955
72349.87893469095
47616.50164144416
44155.41118342631
89072.29564334945
3225.861508258798
48994.626762732994
5273.538702082669
92949.13987925072
14682.82421425966
10602.205463461045
99278.26145266247
64488.87599470874
12483.769762814567
40835.535440733736
32962.18167457089
40418.95924464143
5694.33664575203
75218.26343652398
51620.86388067577
93438.38537446804
98697.16561998466
57823.23735533238
30432.62795099868
16929.15030549067
87774.67553956636
84973.97085070118
87650.21730018928
14411.899807701833
73498.13787970145
67662.72702003365
951.2794683957271
47327.27725192206
30338.232993262227
71209.87766165746
78738.60031108739
38530.06518531382
35395.609717551924
50666.47704202305
88054.56801112682
25521.00431456885
55160.838848699066
32424.31684942941
75528.87319836639
13820.486568904822
49967.81967107381
38180.45717536156
63712.57727745013
52564.90747560969
54052.99928669639
51998.65963824307
64322.8697800703
73984.20073596801
78707.61499425596
56344.23067692247
51126.20592860515
25641.466725779894
46439.97691949824
93856.55506510909
70984.21175981426
82511.74119564996
59372.51651082177
8898.51554399438
7752.6766376964315
26430.40113362204
89116.18332885295
21415.757191560147
66280.93667290336
8933.000714932848
59038.20947110638
27669.95917349161
31071.078101358595
68791.72192150017
3349.3699852498503
5214.949822924975
5358.3534265363105
60988.59865688866
81458.47655739401
63068.753911036016
99644.55767385616
42335.80857339556
38661.227710309795
46508.86080516331
75375.27555186432
37803.23298032607
40960.89567042082
26438.05682421656
86757.29960936517
19190.552592657885
676.5421475415368
15500.764703960624
12382.899042222418
32650.64613829566
14305.06946027591
8479.79934048193
98272.91908566354
24263.678001260403
40516.10754156043
52425.59490603093
25614.106891208132
51383.882504412424
3388.7587966356605
78721.67269879021
14793.697931570037
8081.40948895002
42434.03542753292
97566.35553173051
6253.932313932897
82732.11388236162
31726.256975116274
759.0759670925818
46594.28376617685
97657.70267972922
76133.84463634426
70644.36603957183
80053.74997014903
53340.3743342724
23750.623650534497
36256.66085968608
65452.67369858463
42864.34519786986
76859.85008826293
