1 1
2 2
1 3
2 4
1 5
2 6
1 7
2 8
1 9
2 10
1 11
2 12
1 13
2 14
1 15
2 16
1 17
2 18
1 19
2 20
1 21
2 22
1 23
2 24
1 25
2 26
1 27
2 28
1 29
2 30
1 31
2 32
1 33
2 34
1 35
2 36
1 37
2 38
1 39
2 40
1 41
2 42
1 43
2 44
1 45
2 46
1 47
2 48
1 49
2 50
1 51
2 52
1 53
2 54
1 55
2 56
1 57
2 58
1 59
2 60
1 61
2 62
1 63
2 64
1 65
2 66
1 67
2 68
1 69
2 70
1 71
2 72
1 73
2 74
1 75
2 76
1 77
2 78
1 79
2 80
1 81
2 82
1 83
2 84
1 85
2 86
1 87
2 88
1 89
2 90
1 91
2 92
1 93
2 94
1 95
2 96
1 97
2 98
1 99
2 100
1 101
2 102
1 103
2 104
1 105
2 106
1 107
2 108
1 109
2 110
1 111
2 112
1 113
2 114
1 115
2 116
1 117
2 118
1 119
2 120
1 121
2 122
1 123
2 124
1 125
2 126
1 127
2 128
1 129
2 130
1 131
2 132
1 133
2 134
1 135
2 136
1 137
2 138
1 139
2 140
1 141
2 142
1 143
2 144
1 145
2 146
1 147
2 148
1 149
2 150
1 151
2 152
1 153
2 154
1 155
2 156
1 157
2 158
1 159
2 160
1 161
2 162
1 163
2 164
1 165
2 166
1 167
2 168
1 169
2 170
1 171
2 172
1 173
2 174
1 175
2 176
1 177
2 178
1 179
2 180
1 181
2 182
1 183
2 184
1 185
2 186
1 187
2 188
1 189
2 190
1 191
2 192
1 193
2 194
1 195
2 196
1 197
2 198
1 199
2 200
1 201
2 202
1 203
2 204
1 205
2 206
1 207
2 208
1 209
2 210
1 211
2 212
1 213
2 214
1 215
2 216
1 217
2 218
1 219
2 220
1 221
2 222
1 223
2 224
1 225
2 226
1 227
2 228
1 229
2 230
1 231
2 232
1 233
2 234
1 235
2 236
1 237
2 238
1 239
2 240
1 241
2 242
1 243
2 244
1 245
2 246
1 247
2 248
1 249
2 250
1 251
2 252
1 253
2 254
1 255
2 256
1 257
2 258
1 259
2 260
1 261
2 262
1 263
2 264
1 265
2 266
1 267
2 268
1 269
2 270
1 271
2 272
1 273
2 274
1 275
2 276
1 277
2 278
1 279
2 280
1 281
2 282
1 283
2 284
1 285
2 286
1 287
2 288
1 289
2 290
1 291
2 292
1 293
2 294
1 295
2 296
1 297
2 298
1 299
2 300
1 301
2 302
1 303
2 304
1 305
2 306
1 307
2 308
1 309
2 310
1 311
2 312
1 313
2 314
1 315
2 316
1 317
2 318
1 319
2 320
1 321
2 322
1 323
2 324
1 325
2 326
1 327
2 328
1 329
2 330
1 331
2 332
1 333
2 334
1 335
2 336
1 337
2 338
1 339
2 340
1 341
2 342
1 343
2 344
1 345
2 346
1 347
2 348
1 349
2 350
1 351
2 352
1 353
2 354
1 355
2 356
1 357
2 358
1 359
2 360
1 361
2 362
1 363
2 364
1 365
2 366
1 367
2 368
1 369
2 370
1 371
2 372
1 373
2 374
1 375
2 376
1 377
2 378
1 379
2 380
1 381
2 382
1 383
2 384
1 385
2 386
1 387
2 388
1 389
2 390
1 391
2 392
1 393
2 394
1 395
2 396
1 397
2 398
1 399
2 400
1 401
2 402
1 403
2 404
1 405
2 406
1 407
2 408
1 409
2 410
1 411
2 412
1 413
2 414
1 415
2 416
1 417
2 418
1 419
2 420
1 421
2 422
1 423
2 424
1 425
2 426
1 427
2 428
1 429
2 430
1 431
2 432
1 433
2 434
1 435
2 436
1 437
2 438
1 439
2 440
1 441
2 442
1 443
2 444
1 445
2 446
1 447
2 448
1 449
2 450
1 451
2 452
1 453
2 454
1 455
2 456
1 457
2 458
1 459
2 460
1 461
2 462
1 463
2 464
1 465
2 466
1 467
2 468
1 469
2 470
1 471
2 472
1 473
2 474
1 475
2 476
1 477
2 478
1 479
2 480
1 481
2 482
1 483
2 484
1 485
2 486
1 487
2 488
1 489
2 490
1 491
2 492
1 493
2 494
1 495
2 496
1 497
2 498
1 499
2 500
1 501
2 502
1 503
2 504
1 505
2 506
1 507
2 508
1 509
2 510
1 511
2 512
1 513
2 514
1 515
2 516
1 517
2 518
1 519
2 520
1 521
2 522
1 523
2 524
1 525
2 526
1 527
2 528
1 529
2 530
1 531
2 532
1 533
2 534
1 535
2 536
1 537
2 538
1 539
2 540
1 541
2 542
1 543
2 544
1 545
2 546
1 547
2 548
1 549
2 550
1 551
2 552
1 553
2 554
1 555
2 556
1 557
2 558
1 559
2 560
1 561
2 562
1 563
2 564
1 565
2 566
1 567
2 568
1 569
2 570
1 571
2 572
1 573
2 574
1 575
2 576
1 577
2 578
1 579
2 580
1 581
2 582
1 583
2 584
1 585
2 586
1 587
2 588
1 589
2 590
1 591
2 592
1 593
2 594
1 595
2 596
1 597
2 598
1 599
2 600
1 601
2 602
1 603
2 604
1 605
2 606
1 607
2 608
1 609
2 610
1 611
2 612
1 613
2 614
1 615
2 616
1 617
2 618
1 619
2 620
1 621
2 622
1 623
2 624
1 625
2 626
1 627
2 628
1 629
2 630
1 631
2 632
1 633
2 634
1 635
2 636
1 637
2 638
1 639
2 640
1 641
2 642
1 643
2 644
1 645
2 646
1 647
2 648
1 649
2 650
1 651
2 652
1 653
2 654
1 655
2 656
1 657
2 658
1 659
2 660
1 661
2 662
1 663
2 664
1 665
2 666
1 667
2 668
1 669
2 670
1 671
2 672
1 673
2 674
1 675
2 676
1 677
2 678
1 679
2 680
1 681
2 682
1 683
2 684
1 685
2 686
1 687
2 688
1 689
2 690
1 691
2 692
1 693
2 694
1 695
2 696
1 697
2 698
1 699
2 700
1 701
2 702
1 703
2 704
1 705
2 706
1 707
2 708
1 709
2 710
1 711
2 712
1 713
2 714
1 715
2 716
1 717
2 718
1 719
2 720
1 721
2 722
1 723
2 724
1 725
2 726
1 727
2 728
1 729
2 730
1 731
2 732
1 733
2 734
1 735
2 736
1 737
2 738
1 739
2 740
1 741
2 742
1 743
2 744
1 745
2 746
1 747
2 748
1 749
2 750
1 751
2 752
1 753
2 754
1 755
2 756
1 757
2 758
1 759
2 760
1 761
2 762
1 763
2 764
1 765
2 766
1 767
2 768
1 769
2 770
1 771
2 772
1 773
2 774
1 775
2 776
1 777
2 778
1 779
2 780
1 781
2 782
1 783
2 784
1 785
2 786
1 787
2 788
1 789
2 790
1 791
2 792
1 793
2 794
1 795
2 796
1 797
2 798
1 799
2 800
1 801
2 802
1 803
2 804
1 805
2 806
1 807
2 808
1 809
2 810
1 811
2 812
1 813
2 814
1 815
2 816
1 817
2 818
1 819
2 820
1 821
2 822
1 823
2 824
1 825
2 826
1 827
2 828
1 829
2 830
1 831
2 832
1 833
2 834
1 835
2 836
1 837
2 838
1 839
2 840
1 841
2 842
1 843
2 844
1 845
2 846
1 847
2 848
1 849
2 850
1 851
2 852
1 853
2 854
1 855
2 856
1 857
2 858
1 859
2 860
1 861
2 862
1 863
2 864
1 865
2 866
1 867
2 868
1 869
2 870
1 871
2 872
1 873
2 874
1 875
2 876
1 877
2 878
1 879
2 880
1 881
2 882
1 883
2 884
1 885
2 886
1 887
2 888
1 889
2 890
1 891
2 892
1 893
2 894
1 895
2 896
1 897
2 898
1 899
2 900
1 901
2 902
1 903
2 904
1 905
2 906
1 907
2 908
1 909
2 910
1 911
2 912
1 913
2 914
1 915
2 916
1 917
2 918
1 919
2 920
1 921
2 922
1 923
2 924
1 925
2 926
1 927
2 928
1 929
2 930
1 931
2 932
1 933
2 934
1 935
2 936
1 937
2 938
1 939
2 940
1 941
2 942
1 943
2 944
1 945
2 946
1 947
2 948
1 949
2 950
1 951
2 952
1 953
2 954
1 955
2 956
1 957
2 958
1 959
2 960
1 961
2 962
1 963
2 964
1 965
2 966
1 967
2 968
1 969
2 970
1 971
2 972
1 973
2 974
1 975
2 976
1 977
2 978
1 979
2 980
1 981
2 982
1 983
2 984
1 985
2 986
1 987
2 988
1 989
2 990
1 991
2 992
1 993
2 994
1 995
2 996
1 997
2 998
1 999
2 1000
1 1001
2 1002
1 1003
2 1004
1 1005
2 1006
1 1007
2 1008
1 1009
2 1010
1 1011
2 1012
1 1013
2 1014
1 1015
2 1016
1 1017
2 1018
1 1019
2 1020
1 1021
2 1022
1 1023
2 1024
1 1025
2 1026
1 1027
2 1028
1 1029
2 1030
1 1031
2 1032
1 1033
2 1034
1 1035
2 1036
1 1037
2 1038
1 1039
2 1040
1 1041
2 1042
1 1043
2 1044
1 1045
2 1046
1 1047
2 1048
1 1049
2 1050
1 1051
2 1052
1 1053
2 1054
1 1055
2 1056
1 1057
2 1058
1 1059
2 1060
1 1061
2 1062
1 1063
2 1064
1 1065
2 1066
1 1067
2 1068
1 1069
2 1070
1 1071
2 1072
1 1073
2 1074
1 1075
2 1076
1 1077
2 1078
1 1079
2 1080
1 1081
2 1082
1 1083
2 1084
1 1085
2 1086
1 1087
2 1088
1 1089
2 1090
1 1091
2 1092
1 1093
2 1094
1 1095
2 1096
1 1097
2 1098
1 1099
2 1100
1 1101
2 1102
1 1103
2 1104
1 1105
2 1106
1 1107
2 1108
1 1109
2 1110
1 1111
2 1112
1 1113
2 1114
1 1115
2 1116
1 1117
2 1118
1 1119
2 1120
1 1121
2 1122
1 1123
2 1124
1 1125
2 1126
1 1127
2 1128
1 1129
2 1130
1 1131
2 1132
1 1133
2 1134
1 1135
2 1136
1 1137
2 1138
1 1139
2 1140
1 1141
2 1142
1 1143
2 1144
1 1145
2 1146
1 1147
2 1148
1 1149
2 1150
1 1151
2 1152
1 1153
2 1154
1 1155
2 1156
1 1157
2 1158
1 1159
2 1160
1 1161
2 1162
1 1163
2 1164
1 1165
2 1166
1 1167
2 1168
1 1169
2 1170
1 1171
2 1172
1 1173
2 1174
1 1175
2 1176
1 1177
2 1178
1 1179
2 1180
1 1181
2 1182
1 1183
2 1184
1 1185
2 1186
1 1187
2 1188
1 1189
2 1190
1 1191
2 1192
1 1193
2 1194
1 1195
2 1196
1 1197
2 1198
1 1199
2 1200
1 1201
2 1202
1 1203
2 1204
1 1205
2 1206
1 1207
2 1208
1 1209
2 1210
1 1211
2 1212
1 1213
2 1214
1 1215
2 1216
1 1217
2 1218
1 1219
2 1220
1 1221
2 1222
1 1223
2 1224
1 1225
2 1226
1 1227
2 1228
1 1229
2 1230
1 1231
2 1232
1 1233
2 1234
1 1235
2 1236
1 1237
2 1238
1 1239
2 1240
1 1241
2 1242
1 1243
2 1244
1 1245
2 1246
1 1247
2 1248
1 1249
2 1250
1 1251
2 1252
1 1253
2 1254
1 1255
2 1256
1 1257
2 1258
1 1259
2 1260
1 1261
2 1262
1 1263
2 1264
1 1265
2 1266
1 1267
2 1268
1 1269
2 1270
1 1271
2 1272
1 1273
2 1274
1 1275
2 1276
1 1277
2 1278
1 1279
2 1280
1 1281
2 1282
1 1283
2 1284
1 1285
2 1286
1 1287
2 1288
1 1289
2 1290
1 1291
2 1292
1 1293
2 1294
1 1295
2 1296
1 1297
2 1298
1 1299
2 1300
1 1301
2 1302
1 1303
2 1304
1 1305
2 1306
1 1307
2 1308
1 1309
2 1310
1 1311
2 1312
1 1313
2 1314
1 1315
2 1316
1 1317
2 1318
1 1319
2 1320
1 1321
2 1322
1 1323
2 1324
1 1325
2 1326
1 1327
2 1328
1 1329
2 1330
1 1331
2 1332
1 1333
2 1334
1 1335
2 1336
1 1337
2 1338
1 1339
2 1340
1 1341
2 1342
1 1343
2 1344
1 1345
2 1346
1 1347
2 1348
1 1349
2 1350
1 1351
2 1352
1 1353
2 1354
1 1355
2 1356
1 1357
2 1358
1 1359
2 1360
1 1361
2 1362
1 1363
2 1364
1 1365
2 1366
1 1367
2 1368
1 1369
2 1370
1 1371
2 1372
1 1373
2 1374
1 1375
2 1376
1 1377
2 1378
1 1379
2 1380
1 1381
2 1382
1 1383
2 1384
1 1385
2 1386
1 1387
2 1388
1 1389
2 1390
1 1391
2 1392
1 1393
2 1394
1 1395
2 1396
1 1397
2 1398
1 1399
2 1400
1 1401
2 1402
1 1403
2 1404
1 1405
2 1406
1 1407
2 1408
1 1409
2 1410
1 1411
2 1412
1 1413
2 1414
1 1415
2 1416
1 1417
2 1418
1 1419
2 1420
1 1421
2 1422
1 1423
2 1424
1 1425
2 1426
1 1427
2 1428
1 1429
2 1430
1 1431
2 1432
1 1433
2 1434
1 1435
2 1436
1 1437
2 1438
1 1439
2 1440
1 1441
2 1442
1 1443
2 1444
1 1445
2 1446
1 1447
2 1448
1 1449
2 1450
1 1451
2 1452
1 1453
2 1454
1 1455
2 1456
1 1457
2 1458
1 1459
2 1460
1 1461
2 1462
1 1463
2 1464
1 1465
2 1466
1 1467
2 1468
1 1469
2 1470
1 1471
2 1472
1 1473
2 1474
1 1475
2 1476
1 1477
2 1478
1 1479
2 1480
1 1481
2 1482
1 1483
2 1484
1 1485
2 1486
1 1487
2 1488
1 1489
2 1490
1 1491
2 1492
1 1493
2 1494
1 1495
2 1496
1 1497
2 1498
1 1499
2 1500
1 1501
2 1502
1 1503
2 1504
1 1505
2 1506
1 1507
2 1508
1 1509
2 1510
1 1511
2 1512
1 1513
2 1514
1 1515
2 1516
1 1517
2 1518
1 1519
2 1520
1 1521
2 1522
1 1523
2 1524
1 1525
2 1526
1 1527
2 1528
1 1529
2 1530
1 1531
2 1532
1 1533
2 1534
1 1535
2 1536
1 1537
2 1538
1 1539
2 1540
1 1541
2 1542
1 1543
2 1544
1 1545
2 1546
1 1547
2 1548
1 1549
2 1550
1 1551
2 1552
1 1553
2 1554
1 1555
2 1556
1 1557
2 1558
1 1559
2 1560
1 1561
2 1562
1 1563
2 1564
1 1565
2 1566
1 1567
2 1568
1 1569
2 1570
1 1571
2 1572
1 1573
2 1574
1 1575
2 1576
1 1577
2 1578
1 1579
2 1580
1 1581
2 1582
1 1583
2 1584
1 1585
2 1586
1 1587
2 1588
1 1589
2 1590
1 1591
2 1592
1 1593
2 1594
1 1595
2 1596
1 1597
2 1598
1 1599
2 1600
1 1601
2 1602
1 1603
2 1604
1 1605
2 1606
1 1607
2 1608
1 1609
2 1610
1 1611
2 1612
1 1613
2 1614
1 1615
2 1616
1 1617
2 1618
1 1619
2 1620
1 1621
2 1622
1 1623
2 1624
1 1625
2 1626
1 1627
2 1628
1 1629
2 1630
1 1631
2 1632
1 1633
2 1634
1 1635
2 1636
1 1637
2 1638
1 1639
2 1640
1 1641
2 1642
1 1643
2 1644
1 1645
2 1646
1 1647
2 1648
1 1649
2 1650
1 1651
2 1652
1 1653
2 1654
1 1655
2 1656
1 1657
2 1658
1 1659
2 1660
1 1661
2 1662
1 1663
2 1664
1 1665
2 1666
1 1667
2 1668
1 1669
2 1670
1 1671
2 1672
1 1673
2 1674
1 1675
2 1676
1 1677
2 1678
1 1679
2 1680
1 1681
2 1682
1 1683
2 1684
1 1685
2 1686
1 1687
2 1688
1 1689
2 1690
1 1691
2 1692
1 1693
2 1694
1 1695
2 1696
1 1697
2 1698
1 1699
2 1700
1 1701
2 1702
1 1703
2 1704
1 1705
2 1706
1 1707
2 1708
1 1709
2 1710
1 1711
2 1712
1 1713
2 1714
1 1715
2 1716
1 1717
2 1718
1 1719
2 1720
1 1721
2 1722
1 1723
2 1724
1 1725
2 1726
1 1727
2 1728
1 1729
2 1730
1 1731
2 1732
1 1733
2 1734
1 1735
2 1736
1 1737
2 1738
1 1739
2 1740
1 1741
2 1742
1 1743
2 1744
1 1745
2 1746
1 1747
2 1748
1 1749
2 1750
1 1751
2 1752
1 1753
2 1754
1 1755
2 1756
1 1757
2 1758
1 1759
2 1760
1 1761
2 1762
1 1763
2 1764
1 1765
2 1766
1 1767
2 1768
1 1769
2 1770
1 1771
2 1772
1 1773
2 1774
1 1775
2 1776
1 1777
2 1778
1 1779
2 1780
1 1781
2 1782
1 1783
2 1784
1 1785
2 1786
1 1787
2 1788
1 1789
2 1790
1 1791
2 1792
1 1793
2 1794
1 1795
2 1796
1 1797
2 1798
1 1799
2 1800
1 1801
2 1802
1 1803
2 1804
1 1805
2 1806
1 1807
2 1808
1 1809
2 1810
1 1811
2 1812
1 1813
2 1814
1 1815
2 1816
1 1817
2 1818
1 1819
2 1820
1 1821
2 1822
1 1823
2 1824
1 1825
2 1826
1 1827
2 1828
1 1829
2 1830
1 1831
2 1832
1 1833
2 1834
1 1835
2 1836
1 1837
2 1838
1 1839
2 1840
1 1841
2 1842
1 1843
2 1844
1 1845
2 1846
1 1847
2 1848
1 1849
2 1850
1 1851
2 1852
1 1853
2 1854
1 1855
2 1856
1 1857
2 1858
1 1859
2 1860
1 1861
2 1862
1 1863
2 1864
1 1865
2 1866
1 1867
2 1868
1 1869
2 1870
1 1871
2 1872
1 1873
2 1874
1 1875
2 1876
1 1877
2 1878
1 1879
2 1880
1 1881
2 1882
1 1883
2 1884
1 1885
2 1886
1 1887
2 1888
1 1889
2 1890
1 1891
2 1892
1 1893
2 1894
1 1895
2 1896
1 1897
2 1898
1 1899
2 1900
1 1901
2 1902
1 1903
2 1904
1 1905
2 1906
1 1907
2 1908
1 1909
2 1910
1 1911
2 1912
1 1913
2 1914
1 1915
2 1916
1 1917
2 1918
1 1919
2 1920
1 1921
2 1922
1 1923
2 1924
1 1925
2 1926
1 1927
2 1928
1 1929
2 1930
1 1931
2 1932
1 1933
2 1934
1 1935
2 1936
1 1937
2 1938
1 1939
2 1940
1 1941
2 1942
1 1943
2 1944
1 1945
2 1946
1 1947
2 1948
1 1949
2 1950
1 1951
2 1952
1 1953
2 1954
1 1955
2 1956
1 1957
2 1958
1 1959
2 1960
1 1961
2 1962
1 1963
2 1964
1 1965
2 1966
1 1967
2 1968
1 1969
2 1970
1 1971
2 1972
1 1973
2 1974
1 1975
2 1976
1 1977
2 1978
1 1979
2 1980
1 1981
2 1982
1 1983
2 1984
1 1985
2 1986
1 1987
2 1988
1 1989
2 1990
1 1991
2 1992
1 1993
2 1994
1 1995
2 1996
1 1997
2 1998
1 1999
2 2000
1 2001
2 2002
1 2003
2 2004
1 2005
2 2006
1 2007
2 2008
1 2009
2 2010
1 2011
2 2012
1 2013
2 2014
1 2015
2 2016
1 2017
2 2018
1 2019
2 2020
1 2021
2 2022
1 2023
2 2024
1 2025
2 2026
1 2027
2 2028
1 2029
2 2030
1 2031
2 2032
1 2033
2 2034
1 2035
2 2036
1 2037
2 2038
1 2039
2 2040
1 2041
2 2042
1 2043
2 2044
1 2045
2 2046
1 2047
2 2048
1 2049
2 2050
1 2051
2 2052
1 2053
2 2054
1 2055
2 2056
1 2057
2 2058
1 2059
2 2060
1 2061
2 2062
1 2063
2 2064
1 2065
2 2066
1 2067
2 2068
1 2069
2 2070
1 2071
2 2072
1 2073
2 2074
1 2075
2 2076
1 2077
2 2078
1 2079
2 2080
1 2081
2 2082
1 2083
2 2084
1 2085
2 2086
1 2087
2 2088
1 2089
2 2090
1 2091
2 2092
1 2093
2 2094
1 2095
2 2096
1 2097
2 2098
1 2099
2 2100
1 2101
2 2102
1 2103
2 2104
1 2105
2 2106
1 2107
2 2108
1 2109
2 2110
1 2111
2 2112
1 2113
2 2114
1 2115
2 2116
1 2117
2 2118
1 2119
2 2120
1 2121
2 2122
1 2123
2 2124
1 2125
2 2126
1 2127
2 2128
1 2129
2 2130
1 2131
2 2132
1 2133
2 2134
1 2135
2 2136
1 2137
2 2138
1 2139
2 2140
1 2141
2 2142
1 2143
2 2144
1 2145
2 2146
1 2147
2 2148
1 2149
2 2150
1 2151
2 2152
1 2153
2 2154
1 2155
2 2156
1 2157
2 2158
1 2159
2 2160
1 2161
2 2162
1 2163
2 2164
1 2165
2 2166
1 2167
2 2168
1 2169
2 2170
1 2171
2 2172
1 2173
2 2174
1 2175
2 2176
1 2177
2 2178
1 2179
2 2180
1 2181
2 2182
1 2183
2 2184
1 2185
2 2186
1 2187
2 2188
1 2189
2 2190
1 2191
2 2192
1 2193
2 2194
1 2195
2 2196
1 2197
2 2198
1 2199
2 2200
1 2201
2 2202
1 2203
2 2204
1 2205
2 2206
1 2207
2 2208
1 2209
2 2210
1 2211
2 2212
1 2213
2 2214
1 2215
2 2216
1 2217
2 2218
1 2219
2 2220
1 2221
2 2222
1 2223
2 2224
1 2225
2 2226
1 2227
2 2228
1 2229
2 2230
1 2231
2 2232
1 2233
2 2234
1 2235
2 2236
1 2237
2 2238
1 2239
2 2240
1 2241
2 2242
1 2243
2 2244
1 2245
2 2246
1 2247
2 2248
1 2249
2 2250
1 2251
2 2252
1 2253
2 2254
1 2255
2 2256
1 2257
2 2258
1 2259
2 2260
1 2261
2 2262
1 2263
2 2264
1 2265
2 2266
1 2267
2 2268
1 2269
2 2270
1 2271
2 2272
1 2273
2 2274
1 2275
2 2276
1 2277
2 2278
1 2279
2 2280
1 2281
2 2282
1 2283
2 2284
1 2285
2 2286
1 2287
2 2288
1 2289
2 2290
1 2291
2 2292
1 2293
2 2294
1 2295
2 2296
1 2297
2 2298
1 2299
2 2300
1 2301
2 2302
1 2303
2 2304
1 2305
2 2306
1 2307
2 2308
1 2309
2 2310
1 2311
2 2312
1 2313
2 2314
1 2315
2 2316
1 2317
2 2318
1 2319
2 2320
1 2321
2 2322
1 2323
2 2324
1 2325
2 2326
1 2327
2 2328
1 2329
2 2330
1 2331
2 2332
1 2333
2 2334
1 2335
2 2336
1 2337
2 2338
1 2339
2 2340
1 2341
2 2342
1 2343
2 2344
1 2345
2 2346
1 2347
2 2348
1 2349
2 2350
1 2351
2 2352
1 2353
2 2354
1 2355
2 2356
1 2357
2 2358
1 2359
2 2360
1 2361
2 2362
1 2363
2 2364
1 2365
2 2366
1 2367
2 2368
1 2369
2 2370
1 2371
2 2372
1 2373
2 2374
1 2375
2 2376
1 2377
2 2378
1 2379
2 2380
1 2381
2 2382
1 2383
2 2384
1 2385
2 2386
1 2387
2 2388
1 2389
2 2390
1 2391
2 2392
1 2393
2 2394
1 2395
2 2396
1 2397
2 2398
1 2399
2 2400
1 2401
2 2402
1 2403
2 2404
1 2405
2 2406
1 2407
2 2408
1 2409
2 2410
1 2411
2 2412
1 2413
2 2414
1 2415
2 2416
1 2417
2 2418
1 2419
2 2420
1 2421
2 2422
1 2423
2 2424
1 2425
2 2426
1 2427
2 2428
1 2429
2 2430
1 2431
2 2432
1 2433
2 2434
1 2435
2 2436
1 2437
2 2438
1 2439
2 2440
1 2441
2 2442
1 2443
2 2444
1 2445
2 2446
1 2447
2 2448
1 2449
2 2450
1 2451
2 2452
1 2453
2 2454
1 2455
2 2456
1 2457
2 2458
1 2459
2 2460
1 2461
2 2462
1 2463
2 2464
1 2465
2 2466
1 2467
2 2468
1 2469
2 2470
1 2471
2 2472
1 2473
2 2474
1 2475
2 2476
1 2477
2 2478
1 2479
2 2480
1 2481
2 2482
1 2483
2 2484
1 2485
2 2486
1 2487
2 2488
1 2489
2 2490
1 2491
2 2492
1 2493
2 2494
1 2495
2 2496
1 2497
2 2498
1 2499
2 2500
1 2501
2 2502
1 2503
2 2504
1 2505
2 2506
1 2507
2 2508
1 2509
2 2510
1 2511
2 2512
1 2513
2 2514
1 2515
2 2516
1 2517
2 2518
1 2519
2 2520
1 2521
2 2522
1 2523
2 2524
1 2525
2 2526
1 2527
2 2528
1 2529
2 2530
1 2531
2 2532
1 2533
2 2534
1 2535
2 2536
1 2537
2 2538
1 2539
2 2540
1 2541
2 2542
1 2543
2 2544
1 2545
2 2546
1 2547
2 2548
1 2549
2 2550
1 2551
2 2552
1 2553
2 2554
1 2555
2 2556
1 2557
2 2558
1 2559
2 2560
1 2561
2 2562
1 2563
2 2564
1 2565
2 2566
1 2567
2 2568
1 2569
2 2570
1 2571
2 2572
1 2573
2 2574
1 2575
2 2576
1 2577
2 2578
1 2579
2 2580
1 2581
2 2582
1 2583
2 2584
1 2585
2 2586
1 2587
2 2588
1 2589
2 2590
1 2591
2 2592
1 2593
2 2594
1 2595
2 2596
1 2597
2 2598
1 2599
2 2600
1 2601
2 2602
1 2603
2 2604
1 2605
2 2606
1 2607
2 2608
1 2609
2 2610
1 2611
2 2612
1 2613
2 2614
1 2615
2 2616
1 2617
2 2618
1 2619
2 2620
1 2621
2 2622
1 2623
2 2624
1 2625
2 2626
1 2627
2 2628
1 2629
2 2630
1 2631
2 2632
1 2633
2 2634
1 2635
2 2636
1 2637
2 2638
1 2639
2 2640
1 2641
2 2642
1 2643
2 2644
1 2645
2 2646
1 2647
2 2648
1 2649
2 2650
1 2651
2 2652
1 2653
2 2654
1 2655
2 2656
1 2657
2 2658
1 2659
2 2660
1 2661
2 2662
1 2663
2 2664
1 2665
2 2666
1 2667
2 2668
1 2669
2 2670
1 2671
2 2672
1 2673
2 2674
1 2675
2 2676
1 2677
2 2678
1 2679
2 2680
1 2681
2 2682
1 2683
2 2684
1 2685
2 2686
1 2687
2 2688
1 2689
2 2690
1 2691
2 2692
1 2693
2 2694
1 2695
2 2696
1 2697
2 2698
1 2699
2 2700
1 2701
2 2702
1 2703
2 2704
1 2705
2 2706
1 2707
2 2708
1 2709
2 2710
1 2711
2 2712
1 2713
2 2714
1 2715
2 2716
1 2717
2 2718
1 2719
2 2720
1 2721
2 2722
1 2723
2 2724
1 2725
2 2726
1 2727
2 2728
1 2729
2 2730
1 2731
2 2732
1 2733
2 2734
1 2735
2 2736
1 2737
2 2738
1 2739
2 2740
1 2741
2 2742
1 2743
2 2744
1 2745
2 2746
1 2747
2 2748
1 2749
2 2750
1 2751
2 2752
1 2753
2 2754
1 2755
2 2756
1 2757
2 2758
1 2759
2 2760
1 2761
2 2762
1 2763
2 2764
1 2765
2 2766
1 2767
2 2768
1 2769
2 2770
1 2771
2 2772
1 2773
2 2774
1 2775
2 2776
1 2777
2 2778
1 2779
2 2780
1 2781
2 2782
1 2783
2 2784
1 2785
2 2786
1 2787
2 2788
1 2789
2 2790
1 2791
2 2792
1 2793
2 2794
1 2795
2 2796
1 2797
2 2798
1 2799
2 2800
1 2801
2 2802
1 2803
2 2804
1 2805
2 2806
1 2807
2 2808
1 2809
2 2810
1 2811
2 2812
1 2813
2 2814
1 2815
2 2816
1 2817
2 2818
1 2819
2 2820
1 2821
2 2822
1 2823
2 2824
1 2825
2 2826
1 2827
2 2828
1 2829
2 2830
1 2831
2 2832
1 2833
2 2834
1 2835
2 2836
1 2837
2 2838
1 2839
2 2840
1 2841
2 2842
1 2843
2 2844
1 2845
2 2846
1 2847
2 2848
1 2849
2 2850
1 2851
2 2852
1 2853
2 2854
1 2855
2 2856
1 2857
2 2858
1 2859
2 2860
1 2861
2 2862
1 2863
2 2864
1 2865
2 2866
1 2867
2 2868
1 2869
2 2870
1 2871
2 2872
1 2873
2 2874
1 2875
2 2876
1 2877
2 2878
1 2879
2 2880
1 2881
2 2882
1 2883
2 2884
1 2885
2 2886
1 2887
2 2888
1 2889
2 2890
1 2891
2 2892
1 2893
2 2894
1 2895
2 2896
1 2897
2 2898
1 2899
2 2900
1 2901
2 2902
1 2903
2 2904
1 2905
2 2906
1 2907
2 2908
1 2909
2 2910
1 2911
2 2912
1 2913
2 2914
1 2915
2 2916
1 2917
2 2918
1 2919
2 2920
1 2921
2 2922
1 2923
2 2924
1 2925
2 2926
1 2927
2 2928
1 2929
2 2930
1 2931
2 2932
1 2933
2 2934
1 2935
2 2936
1 2937
2 2938
1 2939
2 2940
1 2941
2 2942
1 2943
2 2944
1 2945
2 2946
1 2947
2 2948
1 2949
2 2950
1 2951
2 2952
1 2953
2 2954
1 2955
2 2956
1 2957
2 2958
1 2959
2 2960
1 2961
2 2962
1 2963
2 2964
1 2965
2 2966
1 2967
2 2968
1 2969
2 2970
1 2971
2 2972
1 2973
2 2974
1 2975
2 2976
1 2977
2 2978
1 2979
2 2980
1 2981
2 2982
1 2983
2 2984
1 2985
2 2986
1 2987
2 2988
1 2989
2 2990
1 2991
2 2992
1 2993
2 2994
1 2995
2 2996
1 2997
2 2998
1 2999
2 3000
1 3001
2 3002
1 3003
2 3004
1 3005
2 3006
1 3007
2 3008
1 3009
2 3010
1 3011
2 3012
1 3013
2 3014
1 3015
2 3016
1 3017
2 3018
1 3019
2 3020
1 3021
2 3022
1 3023
2 3024
1 3025
2 3026
1 3027
2 3028
1 3029
2 3030
1 3031
2 3032
1 3033
2 3034
1 3035
2 3036
1 3037
2 3038
1 3039
2 3040
1 3041
2 3042
1 3043
2 3044
1 3045
2 3046
1 3047
2 3048
1 3049
2 3050
1 3051
2 3052
1 3053
2 3054
1 3055
2 3056
1 3057
2 3058
1 3059
2 3060
1 3061
2 3062
1 3063
2 3064
1 3065
2 3066
1 3067
2 3068
1 3069
2 3070
1 3071
2 3072
1 3073
2 3074
1 3075
2 3076
1 3077
2 3078
1 3079
2 3080
1 3081
2 3082
1 3083
2 3084
1 3085
2 3086
1 3087
2 3088
1 3089
2 3090
1 3091
2 3092
1 3093
2 3094
1 3095
2 3096
1 3097
2 3098
1 3099
2 3100
1 3101
2 3102
1 3103
2 3104
1 3105
2 3106
1 3107
2 3108
1 3109
2 3110
1 3111
2 3112
1 3113
2 3114
1 3115
2 3116
1 3117
2 3118
1 3119
2 3120
1 3121
2 3122
1 3123
2 3124
1 3125
2 3126
1 3127
2 3128
1 3129
2 3130
1 3131
2 3132
1 3133
2 3134
1 3135
2 3136
1 3137
2 3138
1 3139
2 3140
1 3141
2 3142
1 3143
2 3144
1 3145
2 3146
1 3147
2 3148
1 3149
2 3150
1 3151
2 3152
1 3153
2 3154
1 3155
2 3156
1 3157
2 3158
1 3159
2 3160
1 3161
2 3162
1 3163
2 3164
1 3165
2 3166
1 3167
2 3168
1 3169
2 3170
1 3171
2 3172
1 3173
2 3174
1 3175
2 3176
1 3177
2 3178
1 3179
2 3180
1 3181
2 3182
1 3183
2 3184
1 3185
2 3186
1 3187
2 3188
1 3189
2 3190
1 3191
2 3192
1 3193
2 3194
1 3195
2 3196
1 3197
2 3198
1 3199
2 3200
1 3201
2 3202
1 3203
2 3204
1 3205
2 3206
1 3207
2 3208
1 3209
2 3210
1 3211
2 3212
1 3213
2 3214
1 3215
2 3216
1 3217
2 3218
1 3219
2 3220
1 3221
2 3222
1 3223
2 3224
1 3225
2 3226
1 3227
2 3228
1 3229
2 3230
1 3231
2 3232
1 3233
2 3234
1 3235
2 3236
1 3237
2 3238
1 3239
2 3240
1 3241
2 3242
1 3243
2 3244
1 3245
2 3246
1 3247
2 3248
1 3249
2 3250
1 3251
2 3252
1 3253
2 3254
1 3255
2 3256
1 3257
2 3258
1 3259
2 3260
1 3261
2 3262
1 3263
2 3264
1 3265
2 3266
1 3267
2 3268
1 3269
2 3270
1 3271
2 3272
1 3273
2 3274
1 3275
2 3276
1 3277
2 3278
1 3279
2 3280
1 3281
2 3282
1 3283
2 3284
1 3285
2 3286
1 3287
2 3288
1 3289
2 3290
1 3291
2 3292
1 3293
2 3294
1 3295
2 3296
1 3297
2 3298
1 3299
2 3300
1 3301
2 3302
1 3303
2 3304
1 3305
2 3306
1 3307
2 3308
1 3309
2 3310
1 3311
2 3312
1 3313
2 3314
1 3315
2 3316
1 3317
2 3318
1 3319
2 3320
1 3321
2 3322
1 3323
2 3324
1 3325
2 3326
1 3327
2 3328
1 3329
2 3330
1 3331
2 3332
1 3333
2 3334
1 3335
2 3336
1 3337
2 3338
1 3339
2 3340
1 3341
2 3342
1 3343
2 3344
1 3345
2 3346
1 3347
2 3348
1 3349
2 3350
1 3351
2 3352
1 3353
2 3354
1 3355
2 3356
1 3357
2 3358
1 3359
2 3360
1 3361
2 3362
1 3363
2 3364
1 3365
2 3366
1 3367
2 3368
1 3369
2 3370
1 3371
2 3372
1 3373
2 3374
1 3375
2 3376
1 3377
2 3378
1 3379
2 3380
1 3381
2 3382
1 3383
2 3384
1 3385
2 3386
1 3387
2 3388
1 3389
2 3390
1 3391
2 3392
1 3393
2 3394
1 3395
2 3396
1 3397
2 3398
1 3399
2 3400
1 3401
2 3402
1 3403
2 3404
1 3405
2 3406
1 3407
2 3408
1 3409
2 3410
1 3411
2 3412
1 3413
2 3414
1 3415
2 3416
1 3417
2 3418
1 3419
2 3420
1 3421
2 3422
1 3423
2 3424
1 3425
2 3426
1 3427
2 3428
1 3429
2 3430
1 3431
2 3432
1 3433
2 3434
1 3435
2 3436
1 3437
2 3438
1 3439
2 3440
1 3441
2 3442
1 3443
2 3444
1 3445
2 3446
1 3447
2 3448
1 3449
2 3450
1 3451
2 3452
1 3453
2 3454
1 3455
2 3456
1 3457
2 3458
1 3459
2 3460
1 3461
2 3462
1 3463
2 3464
1 3465
2 3466
1 3467
2 3468
1 3469
2 3470
1 3471
2 3472
1 3473
2 3474
1 3475
2 3476
1 3477
2 3478
1 3479
2 3480
1 3481
2 3482
1 3483
2 3484
1 3485
2 3486
1 3487
2 3488
1 3489
2 3490
1 3491
2 3492
1 3493
2 3494
1 3495
2 3496
1 3497
2 3498
1 3499
2 3500
1 3501
2 3502
1 3503
2 3504
1 3505
2 3506
1 3507
2 3508
1 3509
2 3510
1 3511
2 3512
1 3513
2 3514
1 3515
2 3516
1 3517
2 3518
1 3519
2 3520
1 3521
2 3522
1 3523
2 3524
1 3525
2 3526
1 3527
2 3528
1 3529
2 3530
1 3531
2 3532
1 3533
2 3534
1 3535
2 3536
1 3537
2 3538
1 3539
2 3540
1 3541
2 3542
1 3543
2 3544
1 3545
2 3546
1 3547
2 3548
1 3549
2 3550
1 3551
2 3552
1 3553
2 3554
1 3555
2 3556
1 3557
2 3558
1 3559
2 3560
1 3561
2 3562
1 3563
2 3564
1 3565
2 3566
1 3567
2 3568
1 3569
2 3570
1 3571
2 3572
1 3573
2 3574
1 3575
2 3576
1 3577
2 3578
1 3579
2 3580
1 3581
2 3582
1 3583
2 3584
1 3585
2 3586
1 3587
2 3588
1 3589
2 3590
1 3591
2 3592
1 3593
2 3594
1 3595
2 3596
1 3597
2 3598
1 3599
2 3600
1 3601
2 3602
1 3603
2 3604
1 3605
2 3606
1 3607
2 3608
1 3609
2 3610
1 3611
2 3612
1 3613
2 3614
1 3615
2 3616
1 3617
2 3618
1 3619
2 3620
1 3621
2 3622
1 3623
2 3624
1 3625
2 3626
1 3627
2 3628
1 3629
2 3630
1 3631
2 3632
1 3633
2 3634
1 3635
2 3636
1 3637
2 3638
1 3639
2 3640
1 3641
2 3642
1 3643
2 3644
1 3645
2 3646
1 3647
2 3648
1 3649
2 3650
1 3651
2 3652
1 3653
2 3654
1 3655
2 3656
1 3657
2 3658
1 3659
2 3660
1 3661
2 3662
1 3663
2 3664
1 3665
2 3666
1 3667
2 3668
1 3669
2 3670
1 3671
2 3672
1 3673
2 3674
1 3675
2 3676
1 3677
2 3678
1 3679
2 3680
1 3681
2 3682
1 3683
2 3684
1 3685
2 3686
1 3687
2 3688
1 3689
2 3690
1 3691
2 3692
1 3693
2 3694
1 3695
2 3696
1 3697
2 3698
1 3699
2 3700
1 3701
2 3702
1 3703
2 3704
1 3705
2 3706
1 3707
2 3708
1 3709
2 3710
1 3711
2 3712
1 3713
2 3714
1 3715
2 3716
1 3717
2 3718
1 3719
2 3720
1 3721
2 3722
1 3723
2 3724
1 3725
2 3726
1 3727
2 3728
1 3729
2 3730
1 3731
2 3732
1 3733
2 3734
1 3735
2 3736
1 3737
2 3738
1 3739
2 3740
1 3741
2 3742
1 3743
2 3744
1 3745
2 3746
1 3747
2 3748
1 3749
2 3750
1 3751
2 3752
1 3753
2 3754
1 3755
2 3756
1 3757
2 3758
1 3759
2 3760
1 3761
2 3762
1 3763
2 3764
1 3765
2 3766
1 3767
2 3768
1 3769
2 3770
1 3771
2 3772
1 3773
2 3774
1 3775
2 3776
1 3777
2 3778
1 3779
2 3780
1 3781
2 3782
1 3783
2 3784
1 3785
2 3786
1 3787
2 3788
1 3789
2 3790
1 3791
2 3792
1 3793
2 3794
1 3795
2 3796
1 3797
2 3798
1 3799
2 3800
1 3801
2 3802
1 3803
2 3804
1 3805
2 3806
1 3807
2 3808
1 3809
2 3810
1 3811
2 3812
1 3813
2 3814
1 3815
2 3816
1 3817
2 3818
1 3819
2 3820
1 3821
2 3822
1 3823
2 3824
1 3825
2 3826
1 3827
2 3828
1 3829
2 3830
1 3831
2 3832
1 3833
2 3834
1 3835
2 3836
1 3837
2 3838
1 3839
2 3840
1 3841
2 3842
1 3843
2 3844
1 3845
2 3846
1 3847
2 3848
1 3849
2 3850
1 3851
2 3852
1 3853
2 3854
1 3855
2 3856
1 3857
2 3858
1 3859
2 3860
1 3861
2 3862
1 3863
2 3864
1 3865
2 3866
1 3867
2 3868
1 3869
2 3870
1 3871
2 3872
1 3873
2 3874
1 3875
2 3876
1 3877
2 3878
1 3879
2 3880
1 3881
2 3882
1 3883
2 3884
1 3885
2 3886
1 3887
2 3888
1 3889
2 3890
1 3891
2 3892
1 3893
2 3894
1 3895
2 3896
1 3897
2 3898
1 3899
2 3900
1 3901
2 3902
1 3903
2 3904
1 3905
2 3906
1 3907
2 3908
1 3909
2 3910
1 3911
2 3912
1 3913
2 3914
1 3915
2 3916
1 3917
2 3918
1 3919
2 3920
1 3921
2 3922
1 3923
2 3924
1 3925
2 3926
1 3927
2 3928
1 3929
2 3930
1 3931
2 3932
1 3933
2 3934
1 3935
2 3936
1 3937
2 3938
1 3939
2 3940
1 3941
2 3942
1 3943
2 3944
1 3945
2 3946
1 3947
2 3948
1 3949
2 3950
1 3951
2 3952
1 3953
2 3954
1 3955
2 3956
1 3957
2 3958
1 3959
2 3960
1 3961
2 3962
1 3963
2 3964
1 3965
2 3966
1 3967
2 3968
1 3969
2 3970
1 3971
2 3972
1 3973
2 3974
1 3975
2 3976
1 3977
2 3978
1 3979
2 3980
1 3981
2 3982
1 3983
2 3984
1 3985
2 3986
1 3987
2 3988
1 3989
2 3990
1 3991
2 3992
1 3993
2 3994
1 3995
2 3996
1 3997
2 3998
1 3999
2 4000
1 4001
2 4002
1 4003
2 4004
1 4005
2 4006
1 4007
2 4008
1 4009
2 4010
1 4011
2 4012
1 4013
2 4014
1 4015
2 4016
1 4017
2 4018
1 4019
2 4020
1 4021
2 4022
1 4023
2 4024
1 4025
2 4026
1 4027
2 4028
1 4029
2 4030
1 4031
2 4032
1 4033
2 4034
1 4035
2 4036
1 4037
2 4038
1 4039
2 4040
1 4041
2 4042
1 4043
2 4044
1 4045
2 4046
1 4047
2 4048
1 4049
2 4050
1 4051
2 4052
1 4053
2 4054
1 4055
2 4056
1 4057
2 4058
1 4059
2 4060
1 4061
2 4062
1 4063
2 4064
1 4065
2 4066
1 4067
2 4068
1 4069
2 4070
1 4071
2 4072
1 4073
2 4074
1 4075
2 4076
1 4077
2 4078
1 4079
2 4080
1 4081
2 4082
1 4083
2 4084
1 4085
2 4086
1 4087
2 4088
1 4089
2 4090
1 4091
2 4092
1 4093
2 4094
1 4095
2 4096
1 4097
2 4098
1 4099
2 4100
1 4101
2 4102
1 4103
2 4104
1 4105
2 4106
1 4107
2 4108
1 4109
2 4110
1 4111
2 4112
1 4113
2 4114
1 4115
2 4116
1 4117
2 4118
1 4119
2 4120
1 4121
2 4122
1 4123
2 4124
1 4125
2 4126
1 4127
2 4128
1 4129
2 4130
1 4131
2 4132
1 4133
2 4134
1 4135
2 4136
1 4137
2 4138
1 4139
2 4140
1 4141
2 4142
1 4143
2 4144
1 4145
2 4146
1 4147
2 4148
1 4149
2 4150
1 4151
2 4152
1 4153
2 4154
1 4155
2 4156
1 4157
2 4158
1 4159
2 4160
1 4161
2 4162
1 4163
2 4164
1 4165
2 4166
1 4167
2 4168
1 4169
2 4170
1 4171
2 4172
1 4173
2 4174
1 4175
2 4176
1 4177
2 4178
1 4179
2 4180
1 4181
2 4182
1 4183
2 4184
1 4185
2 4186
1 4187
2 4188
1 4189
2 4190
1 4191
2 4192
1 4193
2 4194
1 4195
2 4196
1 4197
2 4198
1 4199
2 4200
1 4201
2 4202
1 4203
2 4204
1 4205
2 4206
1 4207
2 4208
1 4209
2 4210
1 4211
2 4212
1 4213
2 4214
1 4215
2 4216
1 4217
2 4218
1 4219
2 4220
1 4221
2 4222
1 4223
2 4224
1 4225
2 4226
1 4227
2 4228
1 4229
2 4230
1 4231
2 4232
1 4233
2 4234
1 4235
2 4236
1 4237
2 4238
1 4239
2 4240
1 4241
2 4242
1 4243
2 4244
1 4245
2 4246
1 4247
2 4248
1 4249
2 4250
1 4251
2 4252
1 4253
2 4254
1 4255
2 4256
1 4257
2 4258
1 4259
2 4260
1 4261
2 4262
1 4263
2 4264
1 4265
2 4266
1 4267
2 4268
1 4269
2 4270
1 4271
2 4272
1 4273
2 4274
1 4275
2 4276
1 4277
2 4278
1 4279
2 4280
1 4281
2 4282
1 4283
2 4284
1 4285
2 4286
1 4287
2 4288
1 4289
2 4290
1 4291
2 4292
1 4293
2 4294
1 4295
2 4296
1 4297
2 4298
1 4299
2 4300
1 4301
2 4302
1 4303
2 4304
1 4305
2 4306
1 4307
2 4308
1 4309
2 4310
1 4311
2 4312
1 4313
2 4314
1 4315
2 4316
1 4317
2 4318
1 4319
2 4320
1 4321
2 4322
1 4323
2 4324
1 4325
2 4326
1 4327
2 4328
1 4329
2 4330
1 4331
2 4332
1 4333
2 4334
1 4335
2 4336
1 4337
2 4338
1 4339
2 4340
1 4341
2 4342
1 4343
2 4344
1 4345
2 4346
1 4347
2 4348
1 4349
2 4350
1 4351
2 4352
1 4353
2 4354
1 4355
2 4356
1 4357
2 4358
1 4359
2 4360
1 4361
2 4362
1 4363
2 4364
1 4365
2 4366
1 4367
2 4368
1 4369
2 4370
1 4371
2 4372
1 4373
2 4374
1 4375
2 4376
1 4377
2 4378
1 4379
2 4380
1 4381
2 4382
1 4383
2 4384
1 4385
2 4386
1 4387
2 4388
1 4389
2 4390
1 4391
2 4392
1 4393
2 4394
1 4395
2 4396
1 4397
2 4398
1 4399
2 4400
1 4401
2 4402
1 4403
2 4404
1 4405
2 4406
1 4407
2 4408
1 4409
2 4410
1 4411
2 4412
1 4413
2 4414
1 4415
2 4416
1 4417
2 4418
1 4419
2 4420
1 4421
2 4422
1 4423
2 4424
1 4425
2 4426
1 4427
2 4428
1 4429
2 4430
1 4431
2 4432
1 4433
2 4434
1 4435
2 4436
1 4437
2 4438
1 4439
2 4440
1 4441
2 4442
1 4443
2 4444
1 4445
2 4446
1 4447
2 4448
1 4449
2 4450
1 4451
2 4452
1 4453
2 4454
1 4455
2 4456
1 4457
2 4458
1 4459
2 4460
1 4461
2 4462
1 4463
2 4464
1 4465
2 4466
1 4467
2 4468
1 4469
2 4470
1 4471
2 4472
1 4473
2 4474
1 4475
2 4476
1 4477
2 4478
1 4479
2 4480
1 4481
2 4482
1 4483
2 4484
1 4485
2 4486
1 4487
2 4488
1 4489
2 4490
1 4491
2 4492
1 4493
2 4494
1 4495
2 4496
1 4497
2 4498
1 4499
2 4500
1 4501
2 4502
1 4503
2 4504
1 4505
2 4506
1 4507
2 4508
1 4509
2 4510
1 4511
2 4512
1 4513
2 4514
1 4515
2 4516
1 4517
2 4518
1 4519
2 4520
1 4521
2 4522
1 4523
2 4524
1 4525
2 4526
1 4527
2 4528
1 4529
2 4530
1 4531
2 4532
1 4533
2 4534
1 4535
2 4536
1 4537
2 4538
1 4539
2 4540
1 4541
2 4542
1 4543
2 4544
1 4545
2 4546
1 4547
2 4548
1 4549
2 4550
1 4551
2 4552
1 4553
2 4554
1 4555
2 4556
1 4557
2 4558
1 4559
2 4560
1 4561
2 4562
1 4563
2 4564
1 4565
2 4566
1 4567
2 4568
1 4569
2 4570
1 4571
2 4572
1 4573
2 4574
1 4575
2 4576
1 4577
2 4578
1 4579
2 4580
1 4581
2 4582
1 4583
2 4584
1 4585
2 4586
1 4587
2 4588
1 4589
2 4590
1 4591
2 4592
1 4593
2 4594
1 4595
2 4596
1 4597
2 4598
1 4599
2 4600
1 4601
2 4602
1 4603
2 4604
1 4605
2 4606
1 4607
2 4608
1 4609
2 4610
1 4611
2 4612
1 4613
2 4614
1 4615
2 4616
1 4617
2 4618
1 4619
2 4620
1 4621
2 4622
1 4623
2 4624
1 4625
2 4626
1 4627
2 4628
1 4629
2 4630
1 4631
2 4632
1 4633
2 4634
1 4635
2 4636
1 4637
2 4638
1 4639
2 4640
1 4641
2 4642
1 4643
2 4644
1 4645
2 4646
1 4647
2 4648
1 4649
2 4650
1 4651
2 4652
1 4653
2 4654
1 4655
2 4656
1 4657
2 4658
1 4659
2 4660
1 4661
2 4662
1 4663
2 4664
1 4665
2 4666
1 4667
2 4668
1 4669
2 4670
1 4671
2 4672
1 4673
2 4674
1 4675
2 4676
1 4677
2 4678
1 4679
2 4680
1 4681
2 4682
1 4683
2 4684
1 4685
2 4686
1 4687
2 4688
1 4689
2 4690
1 4691
2 4692
1 4693
2 4694
1 4695
2 4696
1 4697
2 4698
1 4699
2 4700
1 4701
2 4702
1 4703
2 4704
1 4705
2 4706
1 4707
2 4708
1 4709
2 4710
1 4711
2 4712
1 4713
2 4714
1 4715
2 4716
1 4717
2 4718
1 4719
2 4720
1 4721
2 4722
1 4723
2 4724
1 4725
2 4726
1 4727
2 4728
1 4729
2 4730
1 4731
2 4732
1 4733
2 4734
1 4735
2 4736
1 4737
2 4738
1 4739
2 4740
1 4741
2 4742
1 4743
2 4744
1 4745
2 4746
1 4747
2 4748
1 4749
2 4750
1 4751
2 4752
1 4753
2 4754
1 4755
2 4756
1 4757
2 4758
1 4759
2 4760
1 4761
2 4762
1 4763
2 4764
1 4765
2 4766
1 4767
2 4768
1 4769
2 4770
1 4771
2 4772
1 4773
2 4774
1 4775
2 4776
1 4777
2 4778
1 4779
2 4780
1 4781
2 4782
1 4783
2 4784
1 4785
2 4786
1 4787
2 4788
1 4789
2 4790
1 4791
2 4792
1 4793
2 4794
1 4795
2 4796
1 4797
2 4798
1 4799
2 4800
1 4801
2 4802
1 4803
2 4804
1 4805
2 4806
1 4807
2 4808
1 4809
2 4810
1 4811
2 4812
1 4813
2 4814
1 4815
2 4816
1 4817
2 4818
1 4819
2 4820
1 4821
2 4822
1 4823
2 4824
1 4825
2 4826
1 4827
2 4828
1 4829
2 4830
1 4831
2 4832
1 4833
2 4834
1 4835
2 4836
1 4837
2 4838
1 4839
2 4840
1 4841
2 4842
1 4843
2 4844
1 4845
2 4846
1 4847
2 4848
1 4849
2 4850
1 4851
2 4852
1 4853
2 4854
1 4855
2 4856
1 4857
2 4858
1 4859
2 4860
1 4861
2 4862
1 4863
2 4864
1 4865
2 4866
1 4867
2 4868
1 4869
2 4870
1 4871
2 4872
1 4873
2 4874
1 4875
2 4876
1 4877
2 4878
1 4879
2 4880
1 4881
2 4882
1 4883
2 4884
1 4885
2 4886
1 4887
2 4888
1 4889
2 4890
1 4891
2 4892
1 4893
2 4894
1 4895
2 4896
1 4897
2 4898
1 4899
2 4900
1 4901
2 4902
1 4903
2 4904
1 4905
2 4906
1 4907
2 4908
1 4909
2 4910
1 4911
2 4912
1 4913
2 4914
1 4915
2 4916
1 4917
2 4918
1 4919
2 4920
1 4921
2 4922
1 4923
2 4924
1 4925
2 4926
1 4927
2 4928
1 4929
2 4930
1 4931
2 4932
1 4933
2 4934
1 4935
2 4936
1 4937
2 4938
1 4939
2 4940
1 4941
2 4942
1 4943
2 4944
1 4945
2 4946
1 4947
2 4948
1 4949
2 4950
1 4951
2 4952
1 4953
2 4954
1 4955
2 4956
1 4957
2 4958
1 4959
2 4960
1 4961
2 4962
1 4963
2 4964
1 4965
2 4966
1 4967
2 4968
1 4969
2 4970
1 4971
2 4972
1 4973
2 4974
1 4975
2 4976
1 4977
2 4978
1 4979
2 4980
1 4981
2 4982
1 4983
2 4984
1 4985
2 4986
1 4987
2 4988
1 4989
2 4990
1 4991
2 4992
1 4993
2 4994
1 4995
2 4996
1 4997
2 4998
1 4999
2 5000
1 5001
2 5002
1 5003
2 5004
1 5005
2 5006
1 5007
2 5008
1 5009
2 5010
1 5011
2 5012
1 5013
2 5014
1 5015
2 5016
1 5017
2 5018
1 5019
2 5020
1 5021
2 5022
1 5023
2 5024
1 5025
2 5026
1 5027
2 5028
1 5029
2 5030
1 5031
2 5032
1 5033
2 5034
1 5035
2 5036
1 5037
2 5038
1 5039
2 5040
1 5041
2 5042
1 5043
2 5044
1 5045
2 5046
1 5047
2 5048
1 5049
2 5050
1 5051
2 5052
1 5053
2 5054
1 5055
2 5056
1 5057
2 5058
1 5059
2 5060
1 5061
2 5062
1 5063
2 5064
1 5065
2 5066
1 5067
2 5068
1 5069
2 5070
1 5071
2 5072
1 5073
2 5074
1 5075
2 5076
1 5077
2 5078
1 5079
2 5080
1 5081
2 5082
1 5083
2 5084
1 5085
2 5086
1 5087
2 5088
1 5089
2 5090
1 5091
2 5092
1 5093
2 5094
1 5095
2 5096
1 5097
2 5098
1 5099
2 5100
1 5101
2 5102
1 5103
2 5104
1 5105
2 5106
1 5107
2 5108
1 5109
2 5110
1 5111
2 5112
1 5113
2 5114
1 5115
2 5116
1 5117
2 5118
1 5119
2 5120
1 5121
2 5122
1 5123
2 5124
1 5125
2 5126
1 5127
2 5128
1 5129
2 5130
1 5131
2 5132
1 5133
2 5134
1 5135
2 5136
1 5137
2 5138
1 5139
2 5140
1 5141
2 5142
1 5143
2 5144
1 5145
2 5146
1 5147
2 5148
1 5149
2 5150
1 5151
2 5152
1 5153
2 5154
1 5155
2 5156
1 5157
2 5158
1 5159
2 5160
1 5161
2 5162
1 5163
2 5164
1 5165
2 5166
1 5167
2 5168
1 5169
2 5170
1 5171
2 5172
1 5173
2 5174
1 5175
2 5176
1 5177
2 5178
1 5179
2 5180
1 5181
2 5182
1 5183
2 5184
1 5185
2 5186
1 5187
2 5188
1 5189
2 5190
1 5191
2 5192
1 5193
2 5194
1 5195
2 5196
1 5197
2 5198
1 5199
2 5200
1 5201
2 5202
1 5203
2 5204
1 5205
2 5206
1 5207
2 5208
1 5209
2 5210
1 5211
2 5212
1 5213
2 5214
1 5215
2 5216
1 5217
2 5218
1 5219
2 5220
1 5221
2 5222
1 5223
2 5224
1 5225
2 5226
1 5227
2 5228
1 5229
2 5230
1 5231
2 5232
1 5233
2 5234
1 5235
2 5236
1 5237
2 5238
1 5239
2 5240
1 5241
2 5242
1 5243
2 5244
1 5245
2 5246
1 5247
2 5248
1 5249
2 5250
1 5251
2 5252
1 5253
2 5254
1 5255
2 5256
1 5257
2 5258
1 5259
2 5260
1 5261
2 5262
1 5263
2 5264
1 5265
2 5266
1 5267
2 5268
1 5269
2 5270
1 5271
2 5272
1 5273
2 5274
1 5275
2 5276
1 5277
2 5278
1 5279
2 5280
1 5281
2 5282
1 5283
2 5284
1 5285
2 5286
1 5287
2 5288
1 5289
2 5290
1 5291
2 5292
1 5293
2 5294
1 5295
2 5296
1 5297
2 5298
1 5299
2 5300
1 5301
2 5302
1 5303
2 5304
1 5305
2 5306
1 5307
2 5308
1 5309
2 5310
1 5311
2 5312
1 5313
2 5314
1 5315
2 5316
1 5317
2 5318
1 5319
2 5320
1 5321
2 5322
1 5323
2 5324
1 5325
2 5326
1 5327
2 5328
1 5329
2 5330
1 5331
2 5332
1 5333
2 5334
1 5335
2 5336
1 5337
2 5338
1 5339
2 5340
1 5341
2 5342
1 5343
2 5344
1 5345
2 5346
1 5347
2 5348
1 5349
2 5350
1 5351
2 5352
1 5353
2 5354
1 5355
2 5356
1 5357
2 5358
1 5359
2 5360
1 5361
2 5362
1 5363
2 5364
1 5365
2 5366
1 5367
2 5368
1 5369
2 5370
1 5371
2 5372
1 5373
2 5374
1 5375
2 5376
1 5377
2 5378
1 5379
2 5380
1 5381
2 5382
1 5383
2 5384
1 5385
2 5386
1 5387
2 5388
1 5389
2 5390
1 5391
2 5392
1 5393
2 5394
1 5395
2 5396
1 5397
2 5398
1 5399
2 5400
1 5401
2 5402
1 5403
2 5404
1 5405
2 5406
1 5407
2 5408
1 5409
2 5410
1 5411
2 5412
1 5413
2 5414
1 5415
2 5416
1 5417
2 5418
1 5419
2 5420
1 5421
2 5422
1 5423
2 5424
1 5425
2 5426
1 5427
2 5428
1 5429
2 5430
1 5431
2 5432
1 5433
2 5434
1 5435
2 5436
1 5437
2 5438
1 5439
2 5440
1 5441
2 5442
1 5443
2 5444
1 5445
2 5446
1 5447
2 5448
1 5449
2 5450
1 5451
2 5452
1 5453
2 5454
1 5455
2 5456
1 5457
2 5458
1 5459
2 5460
1 5461
2 5462
1 5463
2 5464
1 5465
2 5466
1 5467
2 5468
1 5469
2 5470
1 5471
2 5472
1 5473
2 5474
1 5475
2 5476
1 5477
2 5478
1 5479
2 5480
1 5481
2 5482
1 5483
2 5484
1 5485
2 5486
1 5487
2 5488
1 5489
2 5490
1 5491
2 5492
1 5493
2 5494
1 5495
2 5496
1 5497
2 5498
1 5499
2 5500
1 5501
2 5502
1 5503
2 5504
1 5505
2 5506
1 5507
2 5508
1 5509
2 5510
1 5511
2 5512
1 5513
2 5514
1 5515
2 5516
1 5517
2 5518
1 5519
2 5520
1 5521
2 5522
1 5523
2 5524
1 5525
2 5526
1 5527
2 5528
1 5529
2 5530
1 5531
2 5532
1 5533
2 5534
1 5535
2 5536
1 5537
2 5538
1 5539
2 5540
1 5541
2 5542
1 5543
2 5544
1 5545
2 5546
1 5547
2 5548
1 5549
2 5550
1 5551
2 5552
1 5553
2 5554
1 5555
2 5556
1 5557
2 5558
1 5559
2 5560
1 5561
2 5562
1 5563
2 5564
1 5565
2 5566
1 5567
2 5568
1 5569
2 5570
1 5571
2 5572
1 5573
2 5574
1 5575
2 5576
1 5577
2 5578
1 5579
2 5580
1 5581
2 5582
1 5583
2 5584
1 5585
2 5586
1 5587
2 5588
1 5589
2 5590
1 5591
2 5592
1 5593
2 5594
1 5595
2 5596
1 5597
2 5598
1 5599
2 5600
1 5601
2 5602
1 5603
2 5604
1 5605
2 5606
1 5607
2 5608
1 5609
2 5610
1 5611
2 5612
1 5613
2 5614
1 5615
2 5616
1 5617
2 5618
1 5619
2 5620
1 5621
2 5622
1 5623
2 5624
1 5625
2 5626
1 5627
2 5628
1 5629
2 5630
1 5631
2 5632
1 5633
2 5634
1 5635
2 5636
1 5637
2 5638
1 5639
2 5640
1 5641
2 5642
1 5643
2 5644
1 5645
2 5646
1 5647
2 5648
1 5649
2 5650
1 5651
2 5652
1 5653
2 5654
1 5655
2 5656
1 5657
2 5658
1 5659
2 5660
1 5661
2 5662
1 5663
2 5664
1 5665
2 5666
1 5667
2 5668
1 5669
2 5670
1 5671
2 5672
1 5673
2 5674
1 5675
2 5676
1 5677
2 5678
1 5679
2 5680
1 5681
2 5682
1 5683
2 5684
1 5685
2 5686
1 5687
2 5688
1 5689
2 5690
1 5691
2 5692
1 5693
2 5694
1 5695
2 5696
1 5697
2 5698
1 5699
2 5700
1 5701
2 5702
1 5703
2 5704
1 5705
2 5706
1 5707
2 5708
1 5709
2 5710
1 5711
2 5712
1 5713
2 5714
1 5715
2 5716
1 5717
2 5718
1 5719
2 5720
1 5721
2 5722
1 5723
2 5724
1 5725
2 5726
1 5727
2 5728
1 5729
2 5730
1 5731
2 5732
1 5733
2 5734
1 5735
2 5736
1 5737
2 5738
1 5739
2 5740
1 5741
2 5742
1 5743
2 5744
1 5745
2 5746
1 5747
2 5748
1 5749
2 5750
1 5751
2 5752
1 5753
2 5754
1 5755
2 5756
1 5757
2 5758
1 5759
2 5760
1 5761
2 5762
1 5763
2 5764
1 5765
2 5766
1 5767
2 5768
1 5769
2 5770
1 5771
2 5772
1 5773
2 5774
1 5775
2 5776
1 5777
2 5778
1 5779
2 5780
1 5781
2 5782
1 5783
2 5784
1 5785
2 5786
1 5787
2 5788
1 5789
2 5790
1 5791
2 5792
1 5793
2 5794
1 5795
2 5796
1 5797
2 5798
1 5799
2 5800
1 5801
2 5802
1 5803
2 5804
1 5805
2 5806
1 5807
2 5808
1 5809
2 5810
1 5811
2 5812
1 5813
2 5814
1 5815
2 5816
1 5817
2 5818
1 5819
2 5820
1 5821
2 5822
1 5823
2 5824
1 5825
2 5826
1 5827
2 5828
1 5829
2 5830
1 5831
2 5832
1 5833
2 5834
1 5835
2 5836
1 5837
2 5838
1 5839
2 5840
1 5841
2 5842
1 5843
2 5844
1 5845
2 5846
1 5847
2 5848
1 5849
2 5850
1 5851
2 5852
1 5853
2 5854
1 5855
2 5856
1 5857
2 5858
1 5859
2 5860
1 5861
2 5862
1 5863
2 5864
1 5865
2 5866
1 5867
2 5868
1 5869
2 5870
1 5871
2 5872
1 5873
2 5874
1 5875
2 5876
1 5877
2 5878
1 5879
2 5880
1 5881
2 5882
1 5883
2 5884
1 5885
2 5886
1 5887
2 5888
1 5889
2 5890
1 5891
2 5892
1 5893
2 5894
1 5895
2 5896
1 5897
2 5898
1 5899
2 5900
1 5901
2 5902
1 5903
2 5904
1 5905
2 5906
1 5907
2 5908
1 5909
2 5910
1 5911
2 5912
1 5913
2 5914
1 5915
2 5916
1 5917
2 5918
1 5919
2 5920
1 5921
2 5922
1 5923
2 5924
1 5925
2 5926
1 5927
2 5928
1 5929
2 5930
1 5931
2 5932
1 5933
2 5934
1 5935
2 5936
1 5937
2 5938
1 5939
2 5940
1 5941
2 5942
1 5943
2 5944
1 5945
2 5946
1 5947
2 5948
1 5949
2 5950
1 5951
2 5952
1 5953
2 5954
1 5955
2 5956
1 5957
2 5958
1 5959
2 5960
1 5961
2 5962
1 5963
2 5964
1 5965
2 5966
1 5967
2 5968
1 5969
2 5970
1 5971
2 5972
1 5973
2 5974
1 5975
2 5976
1 5977
2 5978
1 5979
2 5980
1 5981
2 5982
1 5983
2 5984
1 5985
2 5986
1 5987
2 5988
1 5989
2 5990
1 5991
2 5992
1 5993
2 5994
1 5995
2 5996
1 5997
2 5998
1 5999
2 6000
1 6001
2 6002
1 6003
2 6004
1 6005
2 6006
1 6007
2 6008
1 6009
2 6010
1 6011
2 6012
1 6013
2 6014
1 6015
2 6016
1 6017
2 6018
1 6019
2 6020
1 6021
2 6022
1 6023
2 6024
1 6025
2 6026
1 6027
2 6028
1 6029
2 6030
1 6031
2 6032
1 6033
2 6034
1 6035
2 6036
1 6037
2 6038
1 6039
2 6040
1 6041
2 6042
1 6043
2 6044
1 6045
2 6046
1 6047
2 6048
1 6049
2 6050
1 6051
2 6052
1 6053
2 6054
1 6055
2 6056
1 6057
2 6058
1 6059
2 6060
1 6061
2 6062
1 6063
2 6064
1 6065
2 6066
1 6067
2 6068
1 6069
2 6070
1 6071
2 6072
1 6073
2 6074
1 6075
2 6076
1 6077
2 6078
1 6079
2 6080
1 6081
2 6082
1 6083
2 6084
1 6085
2 6086
1 6087
2 6088
1 6089
2 6090
1 6091
2 6092
1 6093
2 6094
1 6095
2 6096
1 6097
2 6098
1 6099
2 6100
1 6101
2 6102
1 6103
2 6104
1 6105
2 6106
1 6107
2 6108
1 6109
2 6110
1 6111
2 6112
1 6113
2 6114
1 6115
2 6116
1 6117
2 6118
1 6119
2 6120
1 6121
2 6122
1 6123
2 6124
1 6125
2 6126
1 6127
2 6128
1 6129
2 6130
1 6131
2 6132
1 6133
2 6134
1 6135
2 6136
1 6137
2 6138
1 6139
2 6140
1 6141
2 6142
1 6143
2 6144
1 6145
2 6146
1 6147
2 6148
1 6149
2 6150
1 6151
2 6152
1 6153
2 6154
1 6155
2 6156
1 6157
2 6158
1 6159
2 6160
1 6161
2 6162
1 6163
2 6164
1 6165
2 6166
1 6167
2 6168
1 6169
2 6170
1 6171
2 6172
1 6173
2 6174
1 6175
2 6176
1 6177
2 6178
1 6179
2 6180
1 6181
2 6182
1 6183
2 6184
1 6185
2 6186
1 6187
2 6188
1 6189
2 6190
1 6191
2 6192
1 6193
2 6194
1 6195
2 6196
1 6197
2 6198
1 6199
2 6200
1 6201
2 6202
1 6203
2 6204
1 6205
2 6206
1 6207
2 6208
1 6209
2 6210
1 6211
2 6212
1 6213
2 6214
1 6215
2 6216
1 6217
2 6218
1 6219
2 6220
1 6221
2 6222
1 6223
2 6224
1 6225
2 6226
1 6227
2 6228
1 6229
2 6230
1 6231
2 6232
1 6233
2 6234
1 6235
2 6236
1 6237
2 6238
1 6239
2 6240
1 6241
2 6242
1 6243
2 6244
1 6245
2 6246
1 6247
2 6248
1 6249
2 6250
1 6251
2 6252
1 6253
2 6254
1 6255
2 6256
1 6257
2 6258
1 6259
2 6260
1 6261
2 6262
1 6263
2 6264
1 6265
2 6266
1 6267
2 6268
1 6269
2 6270
1 6271
2 6272
1 6273
2 6274
1 6275
2 6276
1 6277
2 6278
1 6279
2 6280
1 6281
2 6282
1 6283
2 6284
1 6285
2 6286
1 6287
2 6288
1 6289
2 6290
1 6291
2 6292
1 6293
2 6294
1 6295
2 6296
1 6297
2 6298
1 6299
2 6300
1 6301
2 6302
1 6303
2 6304
1 6305
2 6306
1 6307
2 6308
1 6309
2 6310
1 6311
2 6312
1 6313
2 6314
1 6315
2 6316
1 6317
2 6318
1 6319
2 6320
1 6321
2 6322
1 6323
2 6324
1 6325
2 6326
1 6327
2 6328
1 6329
2 6330
1 6331
2 6332
1 6333
2 6334
1 6335
2 6336
1 6337
2 6338
1 6339
2 6340
1 6341
2 6342
1 6343
2 6344
1 6345
2 6346
1 6347
2 6348
1 6349
2 6350
1 6351
2 6352
1 6353
2 6354
1 6355
2 6356
1 6357
2 6358
1 6359
2 6360
1 6361
2 6362
1 6363
2 6364
1 6365
2 6366
1 6367
2 6368
1 6369
2 6370
1 6371
2 6372
1 6373
2 6374
1 6375
2 6376
1 6377
2 6378
1 6379
2 6380
1 6381
2 6382
1 6383
2 6384
1 6385
2 6386
1 6387
2 6388
1 6389
2 6390
1 6391
2 6392
1 6393
2 6394
1 6395
2 6396
1 6397
2 6398
1 6399
2 6400
1 6401
2 6402
1 6403
2 6404
1 6405
2 6406
1 6407
2 6408
1 6409
2 6410
1 6411
2 6412
1 6413
2 6414
1 6415
2 6416
1 6417
2 6418
1 6419
2 6420
1 6421
2 6422
1 6423
2 6424
1 6425
2 6426
1 6427
2 6428
1 6429
2 6430
1 6431
2 6432
1 6433
2 6434
1 6435
2 6436
1 6437
2 6438
1 6439
2 6440
1 6441
2 6442
1 6443
2 6444
1 6445
2 6446
1 6447
2 6448
1 6449
2 6450
1 6451
2 6452
1 6453
2 6454
1 6455
2 6456
1 6457
2 6458
1 6459
2 6460
1 6461
2 6462
1 6463
2 6464
1 6465
2 6466
1 6467
2 6468
1 6469
2 6470
1 6471
2 6472
1 6473
2 6474
1 6475
2 6476
1 6477
2 6478
1 6479
2 6480
1 6481
2 6482
1 6483
2 6484
1 6485
2 6486
1 6487
2 6488
1 6489
2 6490
1 6491
2 6492
1 6493
2 6494
1 6495
2 6496
1 6497
2 6498
1 6499
2 6500
1 6501
2 6502
1 6503
2 6504
1 6505
2 6506
1 6507
2 6508
1 6509
2 6510
1 6511
2 6512
1 6513
2 6514
1 6515
2 6516
1 6517
2 6518
1 6519
2 6520
1 6521
2 6522
1 6523
2 6524
1 6525
2 6526
1 6527
2 6528
1 6529
2 6530
1 6531
2 6532
1 6533
2 6534
1 6535
2 6536
1 6537
2 6538
1 6539
2 6540
1 6541
2 6542
1 6543
2 6544
1 6545
2 6546
1 6547
2 6548
1 6549
2 6550
1 6551
2 6552
1 6553
2 6554
1 6555
2 6556
1 6557
2 6558
1 6559
2 6560
1 6561
2 6562
1 6563
2 6564
1 6565
2 6566
1 6567
2 6568
1 6569
2 6570
1 6571
2 6572
1 6573
2 6574
1 6575
2 6576
1 6577
2 6578
1 6579
2 6580
1 6581
2 6582
1 6583
2 6584
1 6585
2 6586
1 6587
2 6588
1 6589
2 6590
1 6591
2 6592
1 6593
2 6594
1 6595
2 6596
1 6597
2 6598
1 6599
2 6600
1 6601
2 6602
1 6603
2 6604
1 6605
2 6606
1 6607
2 6608
1 6609
2 6610
1 6611
2 6612
1 6613
2 6614
1 6615
2 6616
1 6617
2 6618
1 6619
2 6620
1 6621
2 6622
1 6623
2 6624
1 6625
2 6626
1 6627
2 6628
1 6629
2 6630
1 6631
2 6632
1 6633
2 6634
1 6635
2 6636
1 6637
2 6638
1 6639
2 6640
1 6641
2 6642
1 6643
2 6644
1 6645
2 6646
1 6647
2 6648
1 6649
2 6650
1 6651
2 6652
1 6653
2 6654
1 6655
2 6656
1 6657
2 6658
1 6659
2 6660
1 6661
2 6662
1 6663
2 6664
1 6665
2 6666
1 6667
2 6668
1 6669
2 6670
1 6671
2 6672
1 6673
2 6674
1 6675
2 6676
1 6677
2 6678
1 6679
2 6680
1 6681
2 6682
1 6683
2 6684
1 6685
2 6686
1 6687
2 6688
1 6689
2 6690
1 6691
2 6692
1 6693
2 6694
1 6695
2 6696
1 6697
2 6698
1 6699
2 6700
1 6701
2 6702
1 6703
2 6704
1 6705
2 6706
1 6707
2 6708
1 6709
2 6710
1 6711
2 6712
1 6713
2 6714
1 6715
2 6716
1 6717
2 6718
1 6719
2 6720
1 6721
2 6722
1 6723
2 6724
1 6725
2 6726
1 6727
2 6728
1 6729
2 6730
1 6731
2 6732
1 6733
2 6734
1 6735
2 6736
1 6737
2 6738
1 6739
2 6740
1 6741
2 6742
1 6743
2 6744
1 6745
2 6746
1 6747
2 6748
1 6749
2 6750
1 6751
2 6752
1 6753
2 6754
1 6755
2 6756
1 6757
2 6758
1 6759
2 6760
1 6761
2 6762
1 6763
2 6764
1 6765
2 6766
1 6767
2 6768
1 6769
2 6770
1 6771
2 6772
1 6773
2 6774
1 6775
2 6776
1 6777
2 6778
1 6779
2 6780
1 6781
2 6782
1 6783
2 6784
1 6785
2 6786
1 6787
2 6788
1 6789
2 6790
1 6791
2 6792
1 6793
2 6794
1 6795
2 6796
1 6797
2 6798
1 6799
2 6800
1 6801
2 6802
1 6803
2 6804
1 6805
2 6806
1 6807
2 6808
1 6809
2 6810
1 6811
2 6812
1 6813
2 6814
1 6815
2 6816
1 6817
2 6818
1 6819
2 6820
1 6821
2 6822
1 6823
2 6824
1 6825
2 6826
1 6827
2 6828
1 6829
2 6830
1 6831
2 6832
1 6833
2 6834
1 6835
2 6836
1 6837
2 6838
1 6839
2 6840
1 6841
2 6842
1 6843
2 6844
1 6845
2 6846
1 6847
2 6848
1 6849
2 6850
1 6851
2 6852
1 6853
2 6854
1 6855
2 6856
1 6857
2 6858
1 6859
2 6860
1 6861
2 6862
1 6863
2 6864
1 6865
2 6866
1 6867
2 6868
1 6869
2 6870
1 6871
2 6872
1 6873
2 6874
1 6875
2 6876
1 6877
2 6878
1 6879
2 6880
1 6881
2 6882
1 6883
2 6884
1 6885
2 6886
1 6887
2 6888
1 6889
2 6890
1 6891
2 6892
1 6893
2 6894
1 6895
2 6896
1 6897
2 6898
1 6899
2 6900
1 6901
2 6902
1 6903
2 6904
1 6905
2 6906
1 6907
2 6908
1 6909
2 6910
1 6911
2 6912
1 6913
2 6914
1 6915
2 6916
1 6917
2 6918
1 6919
2 6920
1 6921
2 6922
1 6923
2 6924
1 6925
2 6926
1 6927
2 6928
1 6929
2 6930
1 6931
2 6932
1 6933
2 6934
1 6935
2 6936
1 6937
2 6938
1 6939
2 6940
1 6941
2 6942
1 6943
2 6944
1 6945
2 6946
1 6947
2 6948
1 6949
2 6950
1 6951
2 6952
1 6953
2 6954
1 6955
2 6956
1 6957
2 6958
1 6959
2 6960
1 6961
2 6962
1 6963
2 6964
1 6965
2 6966
1 6967
2 6968
1 6969
2 6970
1 6971
2 6972
1 6973
2 6974
1 6975
2 6976
1 6977
2 6978
1 6979
2 6980
1 6981
2 6982
1 6983
2 6984
1 6985
2 6986
1 6987
2 6988
1 6989
2 6990
1 6991
2 6992
1 6993
2 6994
1 6995
2 6996
1 6997
2 6998
1 6999
2 7000
1 7001
2 7002
1 7003
2 7004
1 7005
2 7006
1 7007
2 7008
1 7009
2 7010
1 7011
2 7012
1 7013
2 7014
1 7015
2 7016
1 7017
2 7018
1 7019
2 7020
1 7021
2 7022
1 7023
2 7024
1 7025
2 7026
1 7027
2 7028
1 7029
2 7030
1 7031
2 7032
1 7033
2 7034
1 7035
2 7036
1 7037
2 7038
1 7039
2 7040
1 7041
2 7042
1 7043
2 7044
1 7045
2 7046
1 7047
2 7048
1 7049
2 7050
1 7051
2 7052
1 7053
2 7054
1 7055
2 7056
1 7057
2 7058
1 7059
2 7060
1 7061
2 7062
1 7063
2 7064
1 7065
2 7066
1 7067
2 7068
1 7069
2 7070
1 7071
2 7072
1 7073
2 7074
1 7075
2 7076
1 7077
2 7078
1 7079
2 7080
1 7081
2 7082
1 7083
2 7084
1 7085
2 7086
1 7087
2 7088
1 7089
2 7090
1 7091
2 7092
1 7093
2 7094
1 7095
2 7096
1 7097
2 7098
1 7099
2 7100
1 7101
2 7102
1 7103
2 7104
1 7105
2 7106
1 7107
2 7108
1 7109
2 7110
1 7111
2 7112
1 7113
2 7114
1 7115
2 7116
1 7117
2 7118
1 7119
2 7120
1 7121
2 7122
1 7123
2 7124
1 7125
2 7126
1 7127
2 7128
1 7129
2 7130
1 7131
2 7132
1 7133
2 7134
1 7135
2 7136
1 7137
2 7138
1 7139
2 7140
1 7141
2 7142
1 7143
2 7144
1 7145
2 7146
1 7147
2 7148
1 7149
2 7150
1 7151
2 7152
1 7153
2 7154
1 7155
2 7156
1 7157
2 7158
1 7159
2 7160
1 7161
2 7162
1 7163
2 7164
1 7165
2 7166
1 7167
2 7168
1 7169
2 7170
1 7171
2 7172
1 7173
2 7174
1 7175
2 7176
1 7177
2 7178
1 7179
2 7180
1 7181
2 7182
1 7183
2 7184
1 7185
2 7186
1 7187
2 7188
1 7189
2 7190
1 7191
2 7192
1 7193
2 7194
1 7195
2 7196
1 7197
2 7198
1 7199
2 7200
1 7201
2 7202
1 7203
2 7204
1 7205
2 7206
1 7207
2 7208
1 7209
2 7210
1 7211
2 7212
1 7213
2 7214
1 7215
2 7216
1 7217
2 7218
1 7219
2 7220
1 7221
2 7222
1 7223
2 7224
1 7225
2 7226
1 7227
2 7228
1 7229
2 7230
1 7231
2 7232
1 7233
2 7234
1 7235
2 7236
1 7237
2 7238
1 7239
2 7240
1 7241
2 7242
1 7243
2 7244
1 7245
2 7246
1 7247
2 7248
1 7249
2 7250
1 7251
2 7252
1 7253
2 7254
1 7255
2 7256
1 7257
2 7258
1 7259
2 7260
1 7261
2 7262
1 7263
2 7264
1 7265
2 7266
1 7267
2 7268
1 7269
2 7270
1 7271
2 7272
1 7273
2 7274
1 7275
2 7276
1 7277
2 7278
1 7279
2 7280
1 7281
2 7282
1 7283
2 7284
1 7285
2 7286
1 7287
2 7288
1 7289
2 7290
1 7291
2 7292
1 7293
2 7294
1 7295
2 7296
1 7297
2 7298
1 7299
2 7300
1 7301
2 7302
1 7303
2 7304
1 7305
2 7306
1 7307
2 7308
1 7309
2 7310
1 7311
2 7312
1 7313
2 7314
1 7315
2 7316
1 7317
2 7318
1 7319
2 7320
1 7321
2 7322
1 7323
2 7324
1 7325
2 7326
1 7327
2 7328
1 7329
2 7330
1 7331
2 7332
1 7333
2 7334
1 7335
2 7336
1 7337
2 7338
1 7339
2 7340
1 7341
2 7342
1 7343
2 7344
1 7345
2 7346
1 7347
2 7348
1 7349
2 7350
1 7351
2 7352
1 7353
2 7354
1 7355
2 7356
1 7357
2 7358
1 7359
2 7360
1 7361
2 7362
1 7363
2 7364
1 7365
2 7366
1 7367
2 7368
1 7369
2 7370
1 7371
2 7372
1 7373
2 7374
1 7375
2 7376
1 7377
2 7378
1 7379
2 7380
1 7381
2 7382
1 7383
2 7384
1 7385
2 7386
1 7387
2 7388
1 7389
2 7390
1 7391
2 7392
1 7393
2 7394
1 7395
2 7396
1 7397
2 7398
1 7399
2 7400
1 7401
2 7402
1 7403
2 7404
1 7405
2 7406
1 7407
2 7408
1 7409
2 7410
1 7411
2 7412
1 7413
2 7414
1 7415
2 7416
1 7417
2 7418
1 7419
2 7420
1 7421
2 7422
1 7423
2 7424
1 7425
2 7426
1 7427
2 7428
1 7429
2 7430
1 7431
2 7432
1 7433
2 7434
1 7435
2 7436
1 7437
2 7438
1 7439
2 7440
1 7441
2 7442
1 7443
2 7444
1 7445
2 7446
1 7447
2 7448
1 7449
2 7450
1 7451
2 7452
1 7453
2 7454
1 7455
2 7456
1 7457
2 7458
1 7459
2 7460
1 7461
2 7462
1 7463
2 7464
1 7465
2 7466
1 7467
2 7468
1 7469
2 7470
1 7471
2 7472
1 7473
2 7474
1 7475
2 7476
1 7477
2 7478
1 7479
2 7480
1 7481
2 7482
1 7483
2 7484
1 7485
2 7486
1 7487
2 7488
1 7489
2 7490
1 7491
2 7492
1 7493
2 7494
1 7495
2 7496
1 7497
2 7498
1 7499
2 7500
1 7501
2 7502
1 7503
2 7504
1 7505
2 7506
1 7507
2 7508
1 7509
2 7510
1 7511
2 7512
1 7513
2 7514
1 7515
2 7516
1 7517
2 7518
1 7519
2 7520
1 7521
2 7522
1 7523
2 7524
1 7525
2 7526
1 7527
2 7528
1 7529
2 7530
1 7531
2 7532
1 7533
2 7534
1 7535
2 7536
1 7537
2 7538
1 7539
2 7540
1 7541
2 7542
1 7543
2 7544
1 7545
2 7546
1 7547
2 7548
1 7549
2 7550
1 7551
2 7552
1 7553
2 7554
1 7555
2 7556
1 7557
2 7558
1 7559
2 7560
1 7561
2 7562
1 7563
2 7564
1 7565
2 7566
1 7567
2 7568
1 7569
2 7570
1 7571
2 7572
1 7573
2 7574
1 7575
2 7576
1 7577
2 7578
1 7579
2 7580
1 7581
2 7582
1 7583
2 7584
1 7585
2 7586
1 7587
2 7588
1 7589
2 7590
1 7591
2 7592
1 7593
2 7594
1 7595
2 7596
1 7597
2 7598
1 7599
2 7600
1 7601
2 7602
1 7603
2 7604
1 7605
2 7606
1 7607
2 7608
1 7609
2 7610
1 7611
2 7612
1 7613
2 7614
1 7615
2 7616
1 7617
2 7618
1 7619
2 7620
1 7621
2 7622
1 7623
2 7624
1 7625
2 7626
1 7627
2 7628
1 7629
2 7630
1 7631
2 7632
1 7633
2 7634
1 7635
2 7636
1 7637
2 7638
1 7639
2 7640
1 7641
2 7642
1 7643
2 7644
1 7645
2 7646
1 7647
2 7648
1 7649
2 7650
1 7651
2 7652
1 7653
2 7654
1 7655
2 7656
1 7657
2 7658
1 7659
2 7660
1 7661
2 7662
1 7663
2 7664
1 7665
2 7666
1 7667
2 7668
1 7669
2 7670
1 7671
2 7672
1 7673
2 7674
1 7675
2 7676
1 7677
2 7678
1 7679
2 7680
1 7681
2 7682
1 7683
2 7684
1 7685
2 7686
1 7687
2 7688
1 7689
2 7690
1 7691
2 7692
1 7693
2 7694
1 7695
2 7696
1 7697
2 7698
1 7699
2 7700
1 7701
2 7702
1 7703
2 7704
1 7705
2 7706
1 7707
2 7708
1 7709
2 7710
1 7711
2 7712
1 7713
2 7714
1 7715
2 7716
1 7717
2 7718
1 7719
2 7720
1 7721
2 7722
1 7723
2 7724
1 7725
2 7726
1 7727
2 7728
1 7729
2 7730
1 7731
2 7732
1 7733
2 7734
1 7735
2 7736
1 7737
2 7738
1 7739
2 7740
1 7741
2 7742
1 7743
2 7744
1 7745
2 7746
1 7747
2 7748
1 7749
2 7750
1 7751
2 7752
1 7753
2 7754
1 7755
2 7756
1 7757
2 7758
1 7759
2 7760
1 7761
2 7762
1 7763
2 7764
1 7765
2 7766
1 7767
2 7768
1 7769
2 7770
1 7771
2 7772
1 7773
2 7774
1 7775
2 7776
1 7777
2 7778
1 7779
2 7780
1 7781
2 7782
1 7783
2 7784
1 7785
2 7786
1 7787
2 7788
1 7789
2 7790
1 7791
2 7792
1 7793
2 7794
1 7795
2 7796
1 7797
2 7798
1 7799
2 7800
1 7801
2 7802
1 7803
2 7804
1 7805
2 7806
1 7807
2 7808
1 7809
2 7810
1 7811
2 7812
1 7813
2 7814
1 7815
2 7816
1 7817
2 7818
1 7819
2 7820
1 7821
2 7822
1 7823
2 7824
1 7825
2 7826
1 7827
2 7828
1 7829
2 7830
1 7831
2 7832
1 7833
2 7834
1 7835
2 7836
1 7837
2 7838
1 7839
2 7840
1 7841
2 7842
1 7843
2 7844
1 7845
2 7846
1 7847
2 7848
1 7849
2 7850
1 7851
2 7852
1 7853
2 7854
1 7855
2 7856
1 7857
2 7858
1 7859
2 7860
1 7861
2 7862
1 7863
2 7864
1 7865
2 7866
1 7867
2 7868
1 7869
2 7870
1 7871
2 7872
1 7873
2 7874
1 7875
2 7876
1 7877
2 7878
1 7879
2 7880
1 7881
2 7882
1 7883
2 7884
1 7885
2 7886
1 7887
2 7888
1 7889
2 7890
1 7891
2 7892
1 7893
2 7894
1 7895
2 7896
1 7897
2 7898
1 7899
2 7900
1 7901
2 7902
1 7903
2 7904
1 7905
2 7906
1 7907
2 7908
1 7909
2 7910
1 7911
2 7912
1 7913
2 7914
1 7915
2 7916
1 7917
2 7918
1 7919
2 7920
1 7921
2 7922
1 7923
2 7924
1 7925
2 7926
1 7927
2 7928
1 7929
2 7930
1 7931
2 7932
1 7933
2 7934
1 7935
2 7936
1 7937
2 7938
1 7939
2 7940
1 7941
2 7942
1 7943
2 7944
1 7945
2 7946
1 7947
2 7948
1 7949
2 7950
1 7951
2 7952
1 7953
2 7954
1 7955
2 7956
1 7957
2 7958
1 7959
2 7960
1 7961
2 7962
1 7963
2 7964
1 7965
2 7966
1 7967
2 7968
1 7969
2 7970
1 7971
2 7972
1 7973
2 7974
1 7975
2 7976
1 7977
2 7978
1 7979
2 7980
1 7981
2 7982
1 7983
2 7984
1 7985
2 7986
1 7987
2 7988
1 7989
2 7990
1 7991
2 7992
1 7993
2 7994
1 7995
2 7996
1 7997
2 7998
1 7999
2 8000
1 8001
2 8002
1 8003
2 8004
1 8005
2 8006
1 8007
2 8008
1 8009
2 8010
1 8011
2 8012
1 8013
2 8014
1 8015
2 8016
1 8017
2 8018
1 8019
2 8020
1 8021
2 8022
1 8023
2 8024
1 8025
2 8026
1 8027
2 8028
1 8029
2 8030
1 8031
2 8032
1 8033
2 8034
1 8035
2 8036
1 8037
2 8038
1 8039
2 8040
1 8041
2 8042
1 8043
2 8044
1 8045
2 8046
1 8047
2 8048
1 8049
2 8050
1 8051
2 8052
1 8053
2 8054
1 8055
2 8056
1 8057
2 8058
1 8059
2 8060
1 8061
2 8062
1 8063
2 8064
1 8065
2 8066
1 8067
2 8068
1 8069
2 8070
1 8071
2 8072
1 8073
2 8074
1 8075
2 8076
1 8077
2 8078
1 8079
2 8080
1 8081
2 8082
1 8083
2 8084
1 8085
2 8086
1 8087
2 8088
1 8089
2 8090
1 8091
2 8092
1 8093
2 8094
1 8095
2 8096
1 8097
2 8098
1 8099
2 8100
1 8101
2 8102
1 8103
2 8104
1 8105
2 8106
1 8107
2 8108
1 8109
2 8110
1 8111
2 8112
1 8113
2 8114
1 8115
2 8116
1 8117
2 8118
1 8119
2 8120
1 8121
2 8122
1 8123
2 8124
1 8125
2 8126
1 8127
2 8128
1 8129
2 8130
1 8131
2 8132
1 8133
2 8134
1 8135
2 8136
1 8137
2 8138
1 8139
2 8140
1 8141
2 8142
1 8143
2 8144
1 8145
2 8146
1 8147
2 8148
1 8149
2 8150
1 8151
2 8152
1 8153
2 8154
1 8155
2 8156
1 8157
2 8158
1 8159
2 8160
1 8161
2 8162
1 8163
2 8164
1 8165
2 8166
1 8167
2 8168
1 8169
2 8170
1 8171
2 8172
1 8173
2 8174
1 8175
2 8176
1 8177
2 8178
1 8179
2 8180
1 8181
2 8182
1 8183
2 8184
1 8185
2 8186
1 8187
2 8188
1 8189
2 8190
1 8191
2 8192
1 8193
2 8194
1 8195
2 8196
1 8197
2 8198
1 8199
2 8200
1 8201
2 8202
1 8203
2 8204
1 8205
2 8206
1 8207
2 8208
1 8209
2 8210
1 8211
2 8212
1 8213
2 8214
1 8215
2 8216
1 8217
2 8218
1 8219
2 8220
1 8221
2 8222
1 8223
2 8224
1 8225
2 8226
1 8227
2 8228
1 8229
2 8230
1 8231
2 8232
1 8233
2 8234
1 8235
2 8236
1 8237
2 8238
1 8239
2 8240
1 8241
2 8242
1 8243
2 8244
1 8245
2 8246
1 8247
2 8248
1 8249
2 8250
1 8251
2 8252
1 8253
2 8254
1 8255
2 8256
1 8257
2 8258
1 8259
2 8260
1 8261
2 8262
1 8263
2 8264
1 8265
2 8266
1 8267
2 8268
1 8269
2 8270
1 8271
2 8272
1 8273
2 8274
1 8275
2 8276
1 8277
2 8278
1 8279
2 8280
1 8281
2 8282
1 8283
2 8284
1 8285
2 8286
1 8287
2 8288
1 8289
2 8290
1 8291
2 8292
1 8293
2 8294
1 8295
2 8296
1 8297
2 8298
1 8299
2 8300
1 8301
2 8302
1 8303
2 8304
1 8305
2 8306
1 8307
2 8308
1 8309
2 8310
1 8311
2 8312
1 8313
2 8314
1 8315
2 8316
1 8317
2 8318
1 8319
2 8320
1 8321
2 8322
1 8323
2 8324
1 8325
2 8326
1 8327
2 8328
1 8329
2 8330
1 8331
2 8332
1 8333
2 8334
1 8335
2 8336
1 8337
2 8338
1 8339
2 8340
1 8341
2 8342
1 8343
2 8344
1 8345
2 8346
1 8347
2 8348
1 8349
2 8350
1 8351
2 8352
1 8353
2 8354
1 8355
2 8356
1 8357
2 8358
1 8359
2 8360
1 8361
2 8362
1 8363
2 8364
1 8365
2 8366
1 8367
2 8368
1 8369
2 8370
1 8371
2 8372
1 8373
2 8374
1 8375
2 8376
1 8377
2 8378
1 8379
2 8380
1 8381
2 8382
1 8383
2 8384
1 8385
2 8386
1 8387
2 8388
1 8389
2 8390
1 8391
2 8392
1 8393
2 8394
1 8395
2 8396
1 8397
2 8398
1 8399
2 8400
1 8401
2 8402
1 8403
2 8404
1 8405
2 8406
1 8407
2 8408
1 8409
2 8410
1 8411
2 8412
1 8413
2 8414
1 8415
2 8416
1 8417
2 8418
1 8419
2 8420
1 8421
2 8422
1 8423
2 8424
1 8425
2 8426
1 8427
2 8428
1 8429
2 8430
1 8431
2 8432
1 8433
2 8434
1 8435
2 8436
1 8437
2 8438
1 8439
2 8440
1 8441
2 8442
1 8443
2 8444
1 8445
2 8446
1 8447
2 8448
1 8449
2 8450
1 8451
2 8452
1 8453
2 8454
1 8455
2 8456
1 8457
2 8458
1 8459
2 8460
1 8461
2 8462
1 8463
2 8464
1 8465
2 8466
1 8467
2 8468
1 8469
2 8470
1 8471
2 8472
1 8473
2 8474
1 8475
2 8476
1 8477
2 8478
1 8479
2 8480
1 8481
2 8482
1 8483
2 8484
1 8485
2 8486
1 8487
2 8488
1 8489
2 8490
1 8491
2 8492
1 8493
2 8494
1 8495
2 8496
1 8497
2 8498
1 8499
2 8500
1 8501
2 8502
1 8503
2 8504
1 8505
2 8506
1 8507
2 8508
1 8509
2 8510
1 8511
2 8512
1 8513
2 8514
1 8515
2 8516
1 8517
2 8518
1 8519
2 8520
1 8521
2 8522
1 8523
2 8524
1 8525
2 8526
1 8527
2 8528
1 8529
2 8530
1 8531
2 8532
1 8533
2 8534
1 8535
2 8536
1 8537
2 8538
1 8539
2 8540
1 8541
2 8542
1 8543
2 8544
1 8545
2 8546
1 8547
2 8548
1 8549
2 8550
1 8551
2 8552
1 8553
2 8554
1 8555
2 8556
1 8557
2 8558
1 8559
2 8560
1 8561
2 8562
1 8563
2 8564
1 8565
2 8566
1 8567
2 8568
1 8569
2 8570
1 8571
2 8572
1 8573
2 8574
1 8575
2 8576
1 8577
2 8578
1 8579
2 8580
1 8581
2 8582
1 8583
2 8584
1 8585
2 8586
1 8587
2 8588
1 8589
2 8590
1 8591
2 8592
1 8593
2 8594
1 8595
2 8596
1 8597
2 8598
1 8599
2 8600
1 8601
2 8602
1 8603
2 8604
1 8605
2 8606
1 8607
2 8608
1 8609
2 8610
1 8611
2 8612
1 8613
2 8614
1 8615
2 8616
1 8617
2 8618
1 8619
2 8620
1 8621
2 8622
1 8623
2 8624
1 8625
2 8626
1 8627
2 8628
1 8629
2 8630
1 8631
2 8632
1 8633
2 8634
1 8635
2 8636
1 8637
2 8638
1 8639
2 8640
1 8641
2 8642
1 8643
2 8644
1 8645
2 8646
1 8647
2 8648
1 8649
2 8650
1 8651
2 8652
1 8653
2 8654
1 8655
2 8656
1 8657
2 8658
1 8659
2 8660
1 8661
2 8662
1 8663
2 8664
1 8665
2 8666
1 8667
2 8668
1 8669
2 8670
1 8671
2 8672
1 8673
2 8674
1 8675
2 8676
1 8677
2 8678
1 8679
2 8680
1 8681
2 8682
1 8683
2 8684
1 8685
2 8686
1 8687
2 8688
1 8689
2 8690
1 8691
2 8692
1 8693
2 8694
1 8695
2 8696
1 8697
2 8698
1 8699
2 8700
1 8701
2 8702
1 8703
2 8704
1 8705
2 8706
1 8707
2 8708
1 8709
2 8710
1 8711
2 8712
1 8713
2 8714
1 8715
2 8716
1 8717
2 8718
1 8719
2 8720
1 8721
2 8722
1 8723
2 8724
1 8725
2 8726
1 8727
2 8728
1 8729
2 8730
1 8731
2 8732
1 8733
2 8734
1 8735
2 8736
1 8737
2 8738
1 8739
2 8740
1 8741
2 8742
1 8743
2 8744
1 8745
2 8746
1 8747
2 8748
1 8749
2 8750
1 8751
2 8752
1 8753
2 8754
1 8755
2 8756
1 8757
2 8758
1 8759
2 8760
1 8761
2 8762
1 8763
2 8764
1 8765
2 8766
1 8767
2 8768
1 8769
2 8770
1 8771
2 8772
1 8773
2 8774
1 8775
2 8776
1 8777
2 8778
1 8779
2 8780
1 8781
2 8782
1 8783
2 8784
1 8785
2 8786
1 8787
2 8788
1 8789
2 8790
1 8791
2 8792
1 8793
2 8794
1 8795
2 8796
1 8797
2 8798
1 8799
2 8800
1 8801
2 8802
1 8803
2 8804
1 8805
2 8806
1 8807
2 8808
1 8809
2 8810
1 8811
2 8812
1 8813
2 8814
1 8815
2 8816
1 8817
2 8818
1 8819
2 8820
1 8821
2 8822
1 8823
2 8824
1 8825
2 8826
1 8827
2 8828
1 8829
2 8830
1 8831
2 8832
1 8833
2 8834
1 8835
2 8836
1 8837
2 8838
1 8839
2 8840
1 8841
2 8842
1 8843
2 8844
1 8845
2 8846
1 8847
2 8848
1 8849
2 8850
1 8851
2 8852
1 8853
2 8854
1 8855
2 8856
1 8857
2 8858
1 8859
2 8860
1 8861
2 8862
1 8863
2 8864
1 8865
2 8866
1 8867
2 8868
1 8869
2 8870
1 8871
2 8872
1 8873
2 8874
1 8875
2 8876
1 8877
2 8878
1 8879
2 8880
1 8881
2 8882
1 8883
2 8884
1 8885
2 8886
1 8887
2 8888
1 8889
2 8890
1 8891
2 8892
1 8893
2 8894
1 8895
2 8896
1 8897
2 8898
1 8899
2 8900
1 8901
2 8902
1 8903
2 8904
1 8905
2 8906
1 8907
2 8908
1 8909
2 8910
1 8911
2 8912
1 8913
2 8914
1 8915
2 8916
1 8917
2 8918
1 8919
2 8920
1 8921
2 8922
1 8923
2 8924
1 8925
2 8926
1 8927
2 8928
1 8929
2 8930
1 8931
2 8932
1 8933
2 8934
1 8935
2 8936
1 8937
2 8938
1 8939
2 8940
1 8941
2 8942
1 8943
2 8944
1 8945
2 8946
1 8947
2 8948
1 8949
2 8950
1 8951
2 8952
1 8953
2 8954
1 8955
2 8956
1 8957
2 8958
1 8959
2 8960
1 8961
2 8962
1 8963
2 8964
1 8965
2 8966
1 8967
2 8968
1 8969
2 8970
1 8971
2 8972
1 8973
2 8974
1 8975
2 8976
1 8977
2 8978
1 8979
2 8980
1 8981
2 8982
1 8983
2 8984
1 8985
2 8986
1 8987
2 8988
1 8989
2 8990
1 8991
2 8992
1 8993
2 8994
1 8995
2 8996
1 8997
2 8998
1 8999
2 9000
1 9001
2 9002
1 9003
2 9004
1 9005
2 9006
1 9007
2 9008
1 9009
2 9010
1 9011
2 9012
1 9013
2 9014
1 9015
2 9016
1 9017
2 9018
1 9019
2 9020
1 9021
2 9022
1 9023
2 9024
1 9025
2 9026
1 9027
2 9028
1 9029
2 9030
1 9031
2 9032
1 9033
2 9034
1 9035
2 9036
1 9037
2 9038
1 9039
2 9040
1 9041
2 9042
1 9043
2 9044
1 9045
2 9046
1 9047
2 9048
1 9049
2 9050
1 9051
2 9052
1 9053
2 9054
1 9055
2 9056
1 9057
2 9058
1 9059
2 9060
1 9061
2 9062
1 9063
2 9064
1 9065
2 9066
1 9067
2 9068
1 9069
2 9070
1 9071
2 9072
1 9073
2 9074
1 9075
2 9076
1 9077
2 9078
1 9079
2 9080
1 9081
2 9082
1 9083
2 9084
1 9085
2 9086
1 9087
2 9088
1 9089
2 9090
1 9091
2 9092
1 9093
2 9094
1 9095
2 9096
1 9097
2 9098
1 9099
2 9100
1 9101
2 9102
1 9103
2 9104
1 9105
2 9106
1 9107
2 9108
1 9109
2 9110
1 9111
2 9112
1 9113
2 9114
1 9115
2 9116
1 9117
2 9118
1 9119
2 9120
1 9121
2 9122
1 9123
2 9124
1 9125
2 9126
1 9127
2 9128
1 9129
2 9130
1 9131
2 9132
1 9133
2 9134
1 9135
2 9136
1 9137
2 9138
1 9139
2 9140
1 9141
2 9142
1 9143
2 9144
1 9145
2 9146
1 9147
2 9148
1 9149
2 9150
1 9151
2 9152
1 9153
2 9154
1 9155
2 9156
1 9157
2 9158
1 9159
2 9160
1 9161
2 9162
1 9163
2 9164
1 9165
2 9166
1 9167
2 9168
1 9169
2 9170
1 9171
2 9172
1 9173
2 9174
1 9175
2 9176
1 9177
2 9178
1 9179
2 9180
1 9181
2 9182
1 9183
2 9184
1 9185
2 9186
1 9187
2 9188
1 9189
2 9190
1 9191
2 9192
1 9193
2 9194
1 9195
2 9196
1 9197
2 9198
1 9199
2 9200
1 9201
2 9202
1 9203
2 9204
1 9205
2 9206
1 9207
2 9208
1 9209
2 9210
1 9211
2 9212
1 9213
2 9214
1 9215
2 9216
1 9217
2 9218
1 9219
2 9220
1 9221
2 9222
1 9223
2 9224
1 9225
2 9226
1 9227
2 9228
1 9229
2 9230
1 9231
2 9232
1 9233
2 9234
1 9235
2 9236
1 9237
2 9238
1 9239
2 9240
1 9241
2 9242
1 9243
2 9244
1 9245
2 9246
1 9247
2 9248
1 9249
2 9250
1 9251
2 9252
1 9253
2 9254
1 9255
2 9256
1 9257
2 9258
1 9259
2 9260
1 9261
2 9262
1 9263
2 9264
1 9265
2 9266
1 9267
2 9268
1 9269
2 9270
1 9271
2 9272
1 9273
2 9274
1 9275
2 9276
1 9277
2 9278
1 9279
2 9280
1 9281
2 9282
1 9283
2 9284
1 9285
2 9286
1 9287
2 9288
1 9289
2 9290
1 9291
2 9292
1 9293
2 9294
1 9295
2 9296
1 9297
2 9298
1 9299
2 9300
1 9301
2 9302
1 9303
2 9304
1 9305
2 9306
1 9307
2 9308
1 9309
2 9310
1 9311
2 9312
1 9313
2 9314
1 9315
2 9316
1 9317
2 9318
1 9319
2 9320
1 9321
2 9322
1 9323
2 9324
1 9325
2 9326
1 9327
2 9328
1 9329
2 9330
1 9331
2 9332
1 9333
2 9334
1 9335
2 9336
1 9337
2 9338
1 9339
2 9340
1 9341
2 9342
1 9343
2 9344
1 9345
2 9346
1 9347
2 9348
1 9349
2 9350
1 9351
2 9352
1 9353
2 9354
1 9355
2 9356
1 9357
2 9358
1 9359
2 9360
1 9361
2 9362
1 9363
2 9364
1 9365
2 9366
1 9367
2 9368
1 9369
2 9370
1 9371
2 9372
1 9373
2 9374
1 9375
2 9376
1 9377
2 9378
1 9379
2 9380
1 9381
2 9382
1 9383
2 9384
1 9385
2 9386
1 9387
2 9388
1 9389
2 9390
1 9391
2 9392
1 9393
2 9394
1 9395
2 9396
1 9397
2 9398
1 9399
2 9400
1 9401
2 9402
1 9403
2 9404
1 9405
2 9406
1 9407
2 9408
1 9409
2 9410
1 9411
2 9412
1 9413
2 9414
1 9415
2 9416
1 9417
2 9418
1 9419
2 9420
1 9421
2 9422
1 9423
2 9424
1 9425
2 9426
1 9427
2 9428
1 9429
2 9430
1 9431
2 9432
1 9433
2 9434
1 9435
2 9436
1 9437
2 9438
1 9439
2 9440
1 9441
2 9442
1 9443
2 9444
1 9445
2 9446
1 9447
2 9448
1 9449
2 9450
1 9451
2 9452
1 9453
2 9454
1 9455
2 9456
1 9457
2 9458
1 9459
2 9460
1 9461
2 9462
1 9463
2 9464
1 9465
2 9466
1 9467
2 9468
1 9469
2 9470
1 9471
2 9472
1 9473
2 9474
1 9475
2 9476
1 9477
2 9478
1 9479
2 9480
1 9481
2 9482
1 9483
2 9484
1 9485
2 9486
1 9487
2 9488
1 9489
2 9490
1 9491
2 9492
1 9493
2 9494
1 9495
2 9496
1 9497
2 9498
1 9499
2 9500
1 9501
2 9502
1 9503
2 9504
1 9505
2 9506
1 9507
2 9508
1 9509
2 9510
1 9511
2 9512
1 9513
2 9514
1 9515
2 9516
1 9517
2 9518
1 9519
2 9520
1 9521
2 9522
1 9523
2 9524
1 9525
2 9526
1 9527
2 9528
1 9529
2 9530
1 9531
2 9532
1 9533
2 9534
1 9535
2 9536
1 9537
2 9538
1 9539
2 9540
1 9541
2 9542
1 9543
2 9544
1 9545
2 9546
1 9547
2 9548
1 9549
2 9550
1 9551
2 9552
1 9553
2 9554
1 9555
2 9556
1 9557
2 9558
1 9559
2 9560
1 9561
2 9562
1 9563
2 9564
1 9565
2 9566
1 9567
2 9568
1 9569
2 9570
1 9571
2 9572
1 9573
2 9574
1 9575
2 9576
1 9577
2 9578
1 9579
2 9580
1 9581
2 9582
1 9583
2 9584
1 9585
2 9586
1 9587
2 9588
1 9589
2 9590
1 9591
2 9592
1 9593
2 9594
1 9595
2 9596
1 9597
2 9598
1 9599
2 9600
1 9601
2 9602
1 9603
2 9604
1 9605
2 9606
1 9607
2 9608
1 9609
2 9610
1 9611
2 9612
1 9613
2 9614
1 9615
2 9616
1 9617
2 9618
1 9619
2 9620
1 9621
2 9622
1 9623
2 9624
1 9625
2 9626
1 9627
2 9628
1 9629
2 9630
1 9631
2 9632
1 9633
2 9634
1 9635
2 9636
1 9637
2 9638
1 9639
2 9640
1 9641
2 9642
1 9643
2 9644
1 9645
2 9646
1 9647
2 9648
1 9649
2 9650
1 9651
2 9652
1 9653
2 9654
1 9655
2 9656
1 9657
2 9658
1 9659
2 9660
1 9661
2 9662
1 9663
2 9664
1 9665
2 9666
1 9667
2 9668
1 9669
2 9670
1 9671
2 9672
1 9673
2 9674
1 9675
2 9676
1 9677
2 9678
1 9679
2 9680
1 9681
2 9682
1 9683
2 9684
1 9685
2 9686
1 9687
2 9688
1 9689
2 9690
1 9691
2 9692
1 9693
2 9694
1 9695
2 9696
1 9697
2 9698
1 9699
2 9700
1 9701
2 9702
1 9703
2 9704
1 9705
2 9706
1 9707
2 9708
1 9709
2 9710
1 9711
2 9712
1 9713
2 9714
1 9715
2 9716
1 9717
2 9718
1 9719
2 9720
1 9721
2 9722
1 9723
2 9724
1 9725
2 9726
1 9727
2 9728
1 9729
2 9730
1 9731
2 9732
1 9733
2 9734
1 9735
2 9736
1 9737
2 9738
1 9739
2 9740
1 9741
2 9742
1 9743
2 9744
1 9745
2 9746
1 9747
2 9748
1 9749
2 9750
1 9751
2 9752
1 9753
2 9754
1 9755
2 9756
1 9757
2 9758
1 9759
2 9760
1 9761
2 9762
1 9763
2 9764
1 9765
2 9766
1 9767
2 9768
1 9769
2 9770
1 9771
2 9772
1 9773
2 9774
1 9775
2 9776
1 9777
2 9778
1 9779
2 9780
1 9781
2 9782
1 9783
2 9784
1 9785
2 9786
1 9787
2 9788
1 9789
2 9790
1 9791
2 9792
1 9793
2 9794
1 9795
2 9796
1 9797
2 9798
1 9799
2 9800
1 9801
2 9802
1 9803
2 9804
1 9805
2 9806
1 9807
2 9808
1 9809
2 9810
1 9811
2 9812
1 9813
2 9814
1 9815
2 9816
1 9817
2 9818
1 9819
2 9820
1 9821
2 9822
1 9823
2 9824
1 9825
2 9826
1 9827
2 9828
1 9829
2 9830
1 9831
2 9832
1 9833
2 9834
1 9835
2 9836
1 9837
2 9838
1 9839
2 9840
1 9841
2 9842
1 9843
2 9844
1 9845
2 9846
1 9847
2 9848
1 9849
2 9850
1 9851
2 9852
1 9853
2 9854
1 9855
2 9856
1 9857
2 9858
1 9859
2 9860
1 9861
2 9862
1 9863
2 9864
1 9865
2 9866
1 9867
2 9868
1 9869
2 9870
1 9871
2 9872
1 9873
2 9874
1 9875
2 9876
1 9877
2 9878
1 9879
2 9880
1 9881
2 9882
1 9883
2 9884
1 9885
2 9886
1 9887
2 9888
1 9889
2 9890
1 9891
2 9892
1 9893
2 9894
1 9895
2 9896
1 9897
2 9898
1 9899
2 9900
1 9901
2 9902
1 9903
2 9904
1 9905
2 9906
1 9907
2 9908
1 9909
2 9910
1 9911
2 9912
1 9913
2 9914
1 9915
2 9916
1 9917
2 9918
1 9919
2 9920
1 9921
2 9922
1 9923
2 9924
1 9925
2 9926
1 9927
2 9928
1 9929
2 9930
1 9931
2 9932
1 9933
2 9934
1 9935
2 9936
1 9937
2 9938
1 9939
2 9940
1 9941
2 9942
1 9943
2 9944
1 9945
2 9946
1 9947
2 9948
1 9949
2 9950
1 9951
2 9952
1 9953
2 9954
1 9955
2 9956
1 9957
2 9958
1 9959
2 9960
1 9961
2 9962
1 9963
2 9964
1 9965
2 9966
1 9967
2 9968
1 9969
2 9970
1 9971
2 9972
1 9973
2 9974
1 9975
2 9976
1 9977
2 9978
1 9979
2 9980
1 9981
2 9982
1 9983
2 9984
1 9985
2 9986
1 9987
2 9988
1 9989
2 9990
1 9991
2 9992
1 9993
2 9994
1 9995
2 9996
1 9997
2 9998
1 9999
2 10000
